1, 925, 562, 1
2, 923, 442, 1
3, 1027, 94, 1
4, 1093, 17, 1
1, 944, 676, 1
2, 923, 442, 1
3, 973, 219, 1
4, 1085, 20, 1
1, 1097, 714, 1
2, 926, 446, 1
3, 919, 335, 1
4, 1085, 20, 1
1, 1098, 714, 1
2, 854, 482, 1
3, 950, 431, 1
4, 1085, 20, 1
1, 1098, 714, 1
2, 870, 704, 1
3, 819, 614, 1
4, 1085, 20, 1
5, 923, 442, 1
1, 1098, 714, 1
2, 870, 703, 1
3, 769, 705, 1
4, 1085, 20, 1
5, 923, 442, 1
6, 955, 16, 1
1, 1098, 714, 1
2, 870, 703, 1
4, 1085, 20, 1
5, 923, 442, 1
6, 908, 98, 1
7, 743, 19, 1
1, 1098, 714, 1
2, 870, 703, 1
4, 1085, 20, 1
5, 923, 442, 1
6, 880, 210, 1
7, 732, 97, 1
1, 1097, 714, 1
2, 870, 703, 1
4, 1085, 20, 1
5, 923, 441, 1
6, 780, 279, 1
7, 732, 127, 2
1, 1097, 714, 1
2, 870, 703, 1
4, 1085, 20, 1
5, 803, 478, 1
6, 933, 439, 1
7, 732, 157, 2
8, 739, 371, 1
1, 1097, 714, 1
2, 872, 704, 1
4, 1086, 20, 1
5, 795, 632, 1
6, 923, 442, 1
7, 732, 187, 2
8, 726, 492, 1
1, 1097, 714, 1
2, 869, 703, 1
4, 1085, 20, 1
6, 923, 442, 1
7, 732, 217, 2
8, 697, 612, 1
1, 1097, 714, 1
2, 869, 703, 1
4, 1085, 20, 1
6, 923, 442, 1
7, 732, 247, 2
8, 679, 706, 1
1, 1097, 714, 1
2, 870, 703, 1
4, 1085, 20, 1
6, 923, 442, 1
7, 732, 277, 2
1, 1097, 714, 1
2, 870, 703, 1
4, 1085, 20, 1
6, 923, 442, 1
7, 732, 307, 2
1, 1097, 714, 1
2, 870, 703, 1
4, 1085, 20, 1
6, 923, 442, 1
7, 732, 337, 2
1, 1097, 714, 1
2, 870, 703, 1
4, 1085, 20, 1
6, 923, 442, 1
7, 732, 367, 2
1, 1097, 714, 1
2, 869, 703, 1
4, 1085, 20, 1
6, 923, 442, 1
7, 732, 397, 2
1, 1097, 714, 1
2, 870, 703, 1
4, 1085, 20, 1
6, 923, 442, 1
7, 732, 427, 2
1, 1097, 714, 1
2, 869, 703, 1
4, 1085, 20, 1
6, 923, 442, 1
7, 732, 457, 2
1, 1098, 714, 1
2, 870, 703, 1
4, 1085, 20, 1
6, 923, 442, 1
7, 732, 487, 2
1, 1097, 714, 1
2, 869, 703, 1
4, 1085, 20, 1
6, 923, 442, 1
7, 732, 517, 2
1, 1097, 714, 1
2, 869, 703, 1
4, 1085, 20, 1
6, 923, 442, 1
7, 732, 547, 2
1, 1097, 714, 1
2, 869, 703, 1
4, 1085, 20, 1
6, 923, 442, 1
7, 732, 577, 2
1, 1097, 714, 1
2, 869, 703, 1
4, 1085, 20, 1
6, 923, 442, 1
7, 732, 607, 2
1, 1097, 714, 1
2, 869, 703, 1
4, 1085, 20, 1
6, 923, 442, 1
1, 1097, 714, 1
2, 869, 703, 1
4, 1085, 20, 1
6, 923, 441, 1
1, 1097, 714, 1
2, 869, 703, 1
4, 1085, 20, 1
6, 923, 442, 1
1, 1097, 714, 1
2, 870, 703, 1
4, 1085, 20, 1
6, 923, 442, 1
1, 1097, 714, 1
2, 869, 703, 1
4, 1085, 20, 1
6, 923, 442, 1
1, 1097, 714, 1
2, 870, 703, 1
4, 1085, 20, 1
6, 923, 442, 1
1, 1097, 714, 1
2, 870, 703, 1
4, 1085, 20, 1
6, 923, 442, 1
9, 956, 36, 1
1, 1097, 714, 1
2, 869, 703, 1
4, 1085, 20, 1
6, 923, 441, 1
9, 927, 128, 1
1, 1097, 714, 1
2, 870, 703, 1
4, 1085, 20, 1
6, 923, 441, 1
9, 882, 278, 1
1, 1097, 714, 1
2, 869, 703, 1
4, 1085, 20, 1
6, 937, 444, 1
9, 837, 447, 1
10, 789, 54, 1
1, 1097, 714, 1
2, 869, 703, 1
4, 1085, 20, 1
6, 923, 442, 1
9, 803, 610, 1
10, 739, 190, 1
1, 1097, 714, 1
2, 869, 703, 1
4, 1085, 20, 1
6, 923, 442, 1
10, 698, 351, 1
1, 1097, 714, 1
2, 869, 703, 1
4, 1085, 20, 1
6, 923, 442, 1
10, 665, 515, 1
1, 1097, 714, 1
2, 870, 703, 1
4, 1085, 20, 1
6, 923, 442, 1
10, 626, 663, 1
1, 1097, 714, 1
2, 870, 703, 1
4, 1085, 20, 1
6, 923, 442, 1
11, 899, 23, 1
1, 1097, 714, 1
2, 869, 703, 1
4, 1085, 20, 1
6, 923, 442, 1
11, 868, 117, 1
1, 1097, 714, 1
2, 870, 703, 1
4, 1085, 20, 1
6, 923, 442, 1
11, 842, 255, 1
12, 928, 21, 1
1, 1097, 714, 1
2, 869, 703, 1
4, 1085, 20, 1
6, 931, 443, 1
11, 815, 394, 1
12, 887, 57, 1
1, 1097, 714, 1
2, 869, 703, 1
4, 1085, 20, 1
6, 923, 442, 1
11, 804, 544, 1
12, 870, 159, 1
1, 1097, 714, 1
2, 881, 702, 1
4, 1085, 20, 1
6, 923, 442, 1
11, 780, 676, 1
12, 848, 264, 1
13, 683, 32, 1
1, 1098, 714, 1
2, 870, 703, 1
4, 1085, 20, 1
6, 924, 442, 1
12, 815, 366, 1
13, 645, 74, 1
1, 1097, 714, 1
2, 870, 703, 1
4, 1085, 20, 1
6, 923, 442, 1
12, 785, 472, 1
13, 605, 166, 1
1, 1098, 714, 1
2, 870, 703, 1
4, 1085, 20, 1
6, 923, 442, 1
12, 755, 578, 1
13, 581, 236, 1
1, 1098, 714, 1
2, 869, 703, 1
4, 1085, 20, 1
6, 923, 442, 1
12, 726, 672, 1
13, 567, 320, 1
1, 1098, 714, 1
2, 869, 703, 1
4, 1085, 20, 1
6, 923, 442, 1
13, 555, 407, 1
1, 1097, 714, 1
2, 869, 703, 1
4, 1101, 22, 1
6, 923, 442, 1
13, 549, 507, 1
14, 1000, 36, 1
1, 1097, 714, 1
2, 870, 703, 1
4, 1085, 20, 1
6, 923, 442, 1
13, 549, 607, 1
14, 1025, 167, 1
1, 1097, 714, 1
2, 870, 703, 1
4, 1085, 20, 1
6, 923, 442, 1
13, 535, 700, 1
14, 1047, 336, 1
15, 826, 7, 1
1, 1097, 714, 1
2, 870, 703, 1
4, 1086, 20, 1
6, 1065, 528, 1
14, 923, 442, 1
15, 797, 97, 1
2, 869, 703, 1
4, 1085, 20, 1
6, 1080, 683, 1
14, 923, 442, 1
15, 792, 262, 1
2, 870, 703, 1
4, 1086, 20, 1
6, 1097, 714, 1
14, 927, 441, 1
15, 783, 431, 1
16, 993, 7, 1
2, 869, 703, 1
4, 1173, 57, 1
6, 1098, 714, 1
14, 923, 442, 1
15, 773, 618, 1
16, 959, 89, 1
17, 1083, 21, 1
2, 869, 703, 1
4, 1183, 189, 1
6, 1097, 714, 1
14, 923, 442, 1
16, 901, 238, 1
17, 1132, 52, 1
18, 1052, 14, 1
19, 937, 11, 1
2, 870, 703, 1
4, 1202, 358, 1
6, 1098, 714, 1
14, 926, 443, 1
16, 839, 395, 1
17, 1108, 135, 1
18, 1085, 19, 1
19, 953, 78, 1
2, 870, 703, 1
4, 1207, 523, 1
6, 1097, 714, 1
14, 923, 442, 1
16, 782, 568, 1
17, 1099, 259, 1
18, 1080, 41, 1
19, 940, 192, 1
20, 1304, 24, 1
21, 754, 56, 1
2, 870, 703, 1
4, 1213, 688, 1
6, 1096, 714, 1
14, 923, 441, 1
16, 719, 691, 1
17, 1087, 386, 1
18, 1101, 115, 1
19, 924, 307, 1
20, 1297, 146, 1
21, 738, 195, 1
22, 947, 12, 1
23, 732, 47, 1
2, 869, 703, 1
6, 1095, 714, 1
14, 955, 489, 1
17, 1073, 522, 1
18, 1076, 208, 1
19, 993, 439, 1
20, 1290, 286, 1
21, 727, 344, 1
22, 1145, 40, 1
23, 746, 135, 1
24, 872, 459, 1
25, 909, 381, 1
26, 1144, 357, 1
27, 1067, 18, 1
28, 978, 56, 1
2, 869, 703, 1
14, 918, 556, 1
17, 1052, 652, 1
18, 1076, 238, 2
19, 993, 469, 2
20, 1290, 316, 2
21, 721, 491, 1
22, 1075, 170, 1
23, 756, 249, 1
24, 872, 489, 2
25, 923, 441, 1
26, 1078, 368, 1
27, 1085, 20, 1
28, 978, 86, 2
29, 921, 30, 1
14, 928, 668, 1
17, 1087, 714, 1
18, 1121, 344, 1
19, 1066, 549, 1
20, 1290, 346, 2
21, 716, 645, 1
22, 1001, 276, 1
23, 771, 364, 1
24, 872, 519, 2
25, 923, 441, 1
26, 1078, 398, 2
27, 1093, 38, 1
28, 929, 129, 1
29, 921, 60, 2
14, 869, 703, 1
17, 1213, 707, 1
18, 1121, 374, 2
19, 1044, 698, 1
20, 1290, 376, 2
22, 1004, 403, 1
23, 782, 480, 1
24, 872, 549, 2
25, 907, 446, 1
26, 1124, 515, 1
27, 1093, 68, 2
28, 923, 256, 1
29, 921, 90, 2
30, 1075, 21, 1
14, 869, 703, 1
18, 1121, 404, 2
20, 1290, 406, 2
22, 929, 455, 1
23, 782, 510, 2
24, 798, 590, 1
25, 1006, 574, 1
26, 1124, 662, 1
27, 1162, 178, 1
28, 900, 349, 1
29, 955, 169, 1
30, 1085, 21, 1
31, 1048, 319, 1
18, 1052, 513, 1
20, 1290, 436, 2
22, 858, 497, 1
23, 782, 540, 2
24, 795, 685, 1
25, 996, 703, 1
26, 1104, 713, 1
27, 1162, 208, 2
28, 946, 434, 1
29, 940, 326, 1
30, 1085, 21, 1
31, 1141, 342, 1
18, 1044, 679, 1
20, 1290, 466, 2
22, 857, 590, 1
23, 782, 570, 2
24, 870, 704, 1
27, 1162, 238, 2
28, 914, 432, 1
29, 940, 356, 2
30, 1085, 20, 1
31, 1113, 514, 1
32, 979, 7, 1
20, 1290, 496, 2
22, 917, 644, 1
23, 782, 600, 2
27, 1162, 268, 2
28, 923, 441, 1
29, 940, 386, 2
30, 1086, 20, 1
31, 1082, 666, 1
32, 992, 109, 1
33, 694, 88, 1
34, 837, 13, 1
20, 1290, 526, 2
22, 869, 703, 1
27, 1162, 298, 2
28, 923, 471, 2
29, 923, 441, 1
30, 1085, 21, 1
31, 1094, 714, 1
32, 980, 275, 1
33, 703, 255, 1
34, 769, 88, 1
35, 920, 30, 1
20, 1290, 556, 2
22, 869, 703, 1
27, 1162, 328, 2
28, 996, 500, 1
29, 887, 446, 1
30, 1085, 21, 1
31, 1095, 714, 1
32, 980, 305, 2
33, 712, 429, 1
34, 767, 245, 1
35, 942, 107, 1
36, 816, 37, 1
20, 1290, 586, 2
22, 869, 703, 1
27, 1162, 358, 2
28, 959, 649, 1
29, 923, 441, 1
30, 1192, 30, 1
31, 1094, 713, 1
32, 980, 335, 2
33, 722, 608, 1
34, 761, 426, 1
35, 978, 215, 1
36, 809, 133, 1
37, 1085, 21, 1
20, 1290, 616, 2
22, 869, 703, 1
27, 1162, 388, 2
29, 923, 441, 1
30, 1188, 141, 1
31, 1094, 714, 1
32, 980, 365, 2
33, 762, 616, 1
34, 761, 456, 2
35, 1010, 314, 1
36, 804, 273, 1
37, 1085, 21, 1
38, 703, 58, 1
22, 869, 703, 1
27, 1162, 418, 2
29, 929, 442, 1
30, 1188, 313, 1
31, 1094, 713, 1
32, 1047, 412, 1
34, 761, 486, 2
35, 1010, 344, 2
36, 803, 414, 1
37, 1085, 21, 1
38, 720, 154, 1
22, 869, 703, 1
27, 1162, 448, 2
29, 923, 441, 1
30, 1199, 476, 1
31, 1094, 713, 1
32, 1049, 539, 1
34, 814, 564, 1
35, 1010, 374, 2
36, 803, 444, 2
37, 1085, 21, 1
38, 740, 260, 1
39, 856, 22, 1
27, 1162, 478, 2
29, 923, 441, 1
30, 1207, 615, 1
32, 1032, 670, 1
34, 794, 686, 1
35, 1010, 404, 2
36, 803, 474, 2
37, 1085, 21, 1
38, 760, 385, 1
39, 850, 89, 1
27, 1162, 508, 2
29, 924, 441, 1
30, 1262, 711, 1
32, 1093, 713, 1
34, 869, 703, 1
35, 1010, 434, 2
36, 776, 504, 1
37, 1209, 35, 1
38, 760, 415, 2
39, 819, 200, 1
40, 1085, 21, 1
41, 774, 15, 1
27, 1162, 538, 2
29, 923, 441, 1
32, 1093, 713, 1
34, 869, 703, 1
35, 1010, 464, 2
36, 798, 625, 1
37, 1240, 145, 1
38, 760, 445, 2
39, 797, 313, 1
40, 1085, 21, 1
41, 766, 110, 1
27, 1162, 568, 2
29, 923, 441, 1
32, 1094, 713, 1
34, 876, 700, 1
35, 1010, 494, 2
36, 796, 704, 1
37, 1274, 299, 1
38, 760, 475, 2
39, 775, 430, 1
40, 1085, 21, 1
41, 750, 272, 1
42, 830, 40, 1
43, 413, 67, 1
27, 1162, 598, 2
29, 923, 441, 1
32, 1094, 714, 1
34, 869, 703, 1
35, 1010, 524, 2
37, 1275, 460, 1
38, 755, 587, 1
39, 727, 433, 1
40, 1206, 13, 1
41, 750, 302, 2
42, 773, 180, 1
43, 419, 215, 1
44, 1085, 21, 1
27, 1162, 628, 2
29, 923, 441, 1
32, 1095, 714, 1
34, 869, 703, 1
35, 1010, 554, 2
37, 1281, 624, 1
38, 758, 700, 1
39, 704, 600, 1
40, 1230, 73, 1
41, 728, 337, 1
42, 773, 210, 2
43, 443, 352, 1
44, 1085, 21, 1
29, 923, 441, 1
32, 1095, 713, 1
34, 869, 703, 1
35, 1010, 584, 2
39, 666, 710, 1
40, 1211, 179, 1
41, 681, 498, 1
42, 773, 240, 2
43, 461, 505, 1
44, 1078, 23, 1
29, 923, 441, 1
32, 1095, 713, 1
34, 869, 703, 1
35, 1010, 614, 2
40, 1198, 285, 1
41, 637, 652, 1
42, 773, 270, 2
43, 497, 647, 1
44, 1100, 80, 1
45, 1083, 9, 1
29, 923, 441, 1
32, 1094, 713, 1
34, 869, 703, 1
40, 1162, 388, 1
42, 773, 300, 2
44, 1103, 196, 1
45, 1085, 21, 1
46, 643, 62, 1
29, 923, 441, 1
32, 1094, 713, 1
34, 869, 703, 1
40, 1112, 510, 1
42, 773, 330, 2
44, 1092, 321, 1
45, 1085, 21, 1
46, 682, 181, 1
29, 923, 441, 1
34, 869, 703, 1
40, 1064, 650, 1
42, 773, 360, 2
44, 1071, 449, 1
45, 1085, 21, 1
46, 721, 315, 1
47, 703, 55, 1
48, 871, 52, 1
29, 923, 441, 1
34, 1018, 711, 1
40, 1104, 713, 1
42, 758, 453, 1
44, 1041, 585, 1
45, 1085, 21, 1
46, 721, 345, 2
47, 738, 227, 1
48, 871, 162, 1
29, 923, 441, 1
34, 869, 703, 1
40, 1104, 713, 1
42, 793, 600, 1
44, 1026, 699, 1
45, 1085, 21, 1
46, 745, 409, 1
47, 738, 257, 2
48, 885, 299, 1
49, 976, 16, 1
29, 975, 433, 1
40, 1093, 713, 1
42, 819, 696, 1
45, 1085, 21, 1
46, 756, 593, 1
47, 738, 287, 2
48, 883, 429, 1
49, 951, 75, 1
29, 923, 441, 1
40, 1094, 713, 1
42, 869, 703, 1
45, 1085, 21, 1
46, 756, 623, 2
47, 738, 317, 2
48, 904, 589, 1
49, 936, 170, 1
29, 923, 441, 1
40, 1094, 713, 1
42, 923, 707, 1
45, 1085, 21, 1
47, 738, 347, 2
48, 904, 619, 2
49, 928, 288, 1
29, 938, 458, 1
40, 1094, 713, 1
45, 1085, 21, 1
47, 738, 377, 2
48, 869, 703, 1
49, 941, 377, 1
29, 917, 548, 1
40, 1093, 713, 1
45, 1099, 44, 1
47, 738, 407, 2
48, 869, 703, 1
49, 925, 436, 1
29, 913, 654, 1
40, 1093, 713, 1
45, 1148, 110, 1
47, 738, 437, 2
48, 859, 710, 1
49, 923, 441, 1
50, 1085, 21, 1
29, 869, 703, 1
40, 1093, 713, 1
45, 1190, 211, 1
47, 738, 467, 2
49, 923, 441, 1
50, 1085, 21, 1
29, 869, 703, 1
40, 1093, 713, 1
45, 1218, 322, 1
47, 738, 497, 2
49, 923, 441, 1
50, 1085, 21, 1
51, 720, 10, 1
29, 869, 703, 1
40, 1093, 713, 1
45, 1235, 444, 1
47, 738, 527, 2
49, 923, 441, 1
50, 1085, 21, 1
51, 686, 90, 1
29, 869, 703, 1
40, 1093, 713, 1
45, 1257, 559, 1
47, 738, 557, 2
49, 923, 441, 1
50, 1085, 21, 1
51, 656, 254, 1
29, 869, 703, 1
40, 1093, 713, 1
45, 1267, 676, 1
47, 738, 587, 2
49, 923, 441, 1
50, 1085, 21, 1
51, 616, 468, 1
29, 869, 703, 1
40, 1094, 713, 1
47, 738, 617, 2
49, 923, 441, 1
50, 1088, 22, 1
51, 589, 668, 1
52, 1010, 9, 1
29, 869, 703, 1
40, 1093, 713, 1
49, 923, 441, 1
50, 1088, 52, 2
52, 1042, 77, 1
53, 1083, 5, 1
29, 869, 703, 1
40, 1094, 713, 1
49, 923, 441, 1
50, 1088, 82, 2
52, 1059, 184, 1
53, 1085, 21, 1
29, 869, 703, 1
40, 1094, 713, 1
49, 923, 441, 1
50, 1088, 112, 2
52, 1056, 306, 1
53, 1085, 21, 1
29, 869, 703, 1
40, 1094, 713, 1
49, 919, 442, 1
50, 1088, 142, 2
52, 1050, 440, 1
53, 1085, 21, 1
29, 869, 703, 1
40, 1093, 713, 1
49, 923, 441, 1
50, 1088, 172, 2
52, 1038, 578, 1
53, 1085, 21, 1
29, 869, 703, 1
49, 923, 441, 1
50, 1088, 202, 2
52, 1016, 694, 1
53, 1085, 21, 1
29, 869, 703, 1
49, 923, 441, 1
50, 1088, 232, 2
52, 1094, 713, 1
53, 1085, 21, 1
29, 869, 703, 1
49, 923, 441, 1
50, 1088, 262, 2
52, 1094, 713, 1
53, 1085, 21, 1
29, 869, 703, 1
49, 923, 441, 1
50, 1088, 292, 2
52, 1093, 713, 1
53, 1085, 21, 1
29, 869, 703, 1
49, 923, 441, 1
50, 1088, 322, 2
52, 1096, 714, 1
53, 1085, 20, 1
29, 869, 703, 1
49, 923, 441, 1
50, 1088, 352, 2
52, 1096, 714, 1
53, 1085, 21, 1
29, 869, 703, 1
49, 923, 441, 1
50, 1088, 382, 2
52, 1095, 714, 1
53, 1085, 21, 1
29, 869, 703, 1
49, 923, 441, 1
50, 1088, 412, 2
52, 1095, 714, 1
53, 1085, 20, 1
29, 869, 703, 1
49, 923, 441, 1
50, 1088, 442, 2
52, 1095, 714, 1
53, 1085, 20, 1
29, 869, 703, 1
49, 923, 441, 1
50, 1088, 472, 2
52, 1095, 714, 1
53, 1085, 20, 1
29, 869, 703, 1
49, 923, 441, 1
50, 1088, 502, 2
52, 1095, 714, 1
53, 1085, 20, 1
29, 869, 703, 1
49, 923, 441, 1
50, 1088, 532, 2
52, 1095, 714, 1
53, 1085, 20, 1
29, 869, 703, 1
49, 923, 441, 1
50, 1088, 562, 2
52, 1095, 714, 1
53, 1085, 20, 1
29, 869, 703, 1
49, 923, 441, 1
50, 1088, 592, 2
52, 1096, 714, 1
53, 1085, 20, 1
29, 869, 703, 1
49, 923, 441, 1
50, 1088, 622, 2
52, 1095, 714, 1
53, 1085, 20, 1
29, 869, 703, 1
49, 923, 441, 1
52, 1095, 714, 1
53, 1086, 21, 1
54, 989, 13, 1
55, 759, 30, 1
29, 869, 703, 1
49, 923, 441, 1
52, 1095, 714, 1
53, 1085, 20, 1
54, 998, 98, 1
55, 771, 90, 1
29, 869, 703, 1
49, 923, 441, 1
52, 1095, 714, 1
53, 1085, 20, 1
54, 1010, 244, 1
55, 777, 202, 1
56, 689, 34, 1
29, 869, 703, 1
49, 917, 442, 1
52, 1095, 714, 1
53, 1085, 20, 1
54, 1026, 386, 1
55, 785, 320, 1
56, 717, 195, 1
57, 829, 19, 1
29, 869, 703, 1
49, 930, 441, 1
52, 1095, 714, 1
53, 1085, 20, 1
54, 1033, 547, 1
55, 768, 397, 1
56, 717, 225, 2
57, 815, 95, 1
29, 869, 703, 1
49, 923, 441, 1
53, 1085, 20, 1
54, 1035, 675, 1
55, 768, 427, 2
56, 717, 255, 2
57, 817, 231, 1
49, 929, 445, 1
53, 1084, 64, 1
54, 1095, 714, 1
55, 761, 653, 1
56, 717, 285, 2
57, 818, 377, 1
49, 923, 441, 1
53, 1096, 179, 1
54, 1095, 714, 1
55, 869, 703, 1
56, 717, 315, 2
57, 825, 523, 1
58, 1085, 20, 1
49, 923, 441, 1
53, 1098, 352, 1
54, 1096, 714, 1
56, 717, 345, 2
57, 814, 663, 1
58, 1085, 20, 1
49, 923, 442, 1
53, 1092, 527, 1
54, 1096, 714, 1
56, 717, 375, 2
57, 869, 703, 1
58, 1085, 20, 1
59, 947, 34, 1
49, 923, 441, 1
53, 1086, 680, 1
56, 717, 405, 2
57, 869, 703, 1
58, 1104, 24, 1
59, 950, 166, 1
60, 1020, 21, 1
61, 911, 35, 1
62, 724, 47, 1
49, 923, 441, 1
53, 1096, 714, 1
56, 717, 435, 2
57, 869, 703, 1
58, 1106, 17, 1
59, 950, 196, 2
60, 1020, 51, 2
61, 766, 34, 1
62, 723, 199, 1
63, 844, 6, 1
64, 577, 38, 1
49, 961, 495, 1
53, 1095, 714, 1
56, 717, 465, 2
57, 869, 703, 1
58, 1085, 20, 1
59, 914, 427, 1
60, 1059, 182, 1
61, 786, 163, 1
62, 728, 361, 1
63, 895, 97, 1
64, 606, 186, 1
65, 978, 338, 1
49, 940, 660, 1
53, 1096, 714, 1
56, 717, 495, 2
57, 863, 706, 1
58, 1031, 42, 1
59, 996, 486, 1
60, 1066, 293, 1
61, 800, 311, 1
62, 732, 523, 1
63, 944, 275, 1
64, 644, 339, 1
65, 914, 439, 1
66, 586, 8, 1
67, 467, 56, 1
53, 1095, 714, 1
56, 717, 525, 2
57, 869, 703, 1
58, 1053, 105, 1
59, 1013, 640, 1
60, 973, 389, 1
61, 805, 457, 1
62, 739, 677, 1
63, 877, 437, 1
64, 684, 503, 1
65, 957, 492, 1
66, 741, 21, 1
67, 510, 164, 1
68, 1097, 421, 1
69, 909, 68, 1
70, 1088, 15, 1
71, 607, 67, 1
53, 1098, 713, 1
56, 717, 555, 2
57, 869, 703, 1
58, 1056, 212, 1
60, 923, 441, 1
61, 805, 487, 2
63, 877, 467, 2
64, 684, 533, 2
65, 957, 522, 2
66, 748, 69, 1
67, 558, 307, 1
68, 1119, 560, 1
69, 915, 204, 1
70, 1119, 45, 1
71, 630, 184, 1
72, 455, 60, 1
56, 717, 585, 2
57, 875, 701, 1
58, 1061, 337, 1
60, 924, 443, 1
61, 805, 517, 2
63, 877, 497, 2
64, 684, 563, 2
65, 957, 552, 2
66, 746, 158, 1
67, 603, 469, 1
68, 1139, 682, 1
69, 901, 336, 1
70, 1126, 150, 1
71, 666, 286, 1
72, 464, 217, 1
73, 1085, 21, 1
74, 909, 21, 1
75, 764, 17, 1
56, 717, 615, 2
57, 869, 703, 1
58, 1061, 462, 1
60, 924, 473, 2
61, 805, 547, 2
63, 869, 507, 1
64, 653, 643, 1
65, 957, 582, 2
66, 826, 151, 1
67, 603, 499, 2
68, 1095, 713, 1
69, 953, 425, 1
70, 1119, 264, 1
71, 666, 316, 2
72, 494, 366, 1
73, 1197, 21, 1
74, 944, 123, 1
75, 764, 47, 2
76, 1085, 21, 1
77, 465, 29, 1
57, 873, 705, 1
58, 1054, 594, 1
60, 924, 503, 2
61, 805, 577, 2
63, 872, 619, 1
65, 957, 612, 2
66, 761, 376, 1
67, 524, 533, 1
68, 1094, 713, 1
69, 923, 442, 1
70, 1106, 391, 1
71, 734, 512, 1
72, 494, 396, 2
73, 1223, 81, 1
74, 922, 290, 1
75, 764, 77, 2
76, 1028, 33, 1
77, 508, 107, 1
58, 1035, 688, 1
60, 924, 533, 2
61, 763, 639, 1
66, 771, 494, 1
67, 574, 685, 1
69, 923, 472, 2
70, 1046, 497, 1
71, 734, 542, 2
72, 494, 426, 2
73, 1228, 197, 1
74, 870, 409, 1
75, 764, 107, 2
76, 1028, 63, 2
77, 547, 241, 1
78, 1088, 21, 1
79, 728, 61, 1
80, 551, 61, 1
60, 924, 563, 2
61, 869, 702, 1
66, 771, 524, 2
69, 923, 502, 2
70, 1046, 527, 2
71, 769, 640, 1
72, 494, 456, 2
73, 1220, 321, 1
74, 923, 441, 1
75, 764, 137, 2
76, 975, 235, 1
77, 547, 271, 2
78, 963, 115, 1
79, 728, 91, 2
80, 531, 87, 1
81, 1085, 21, 1
82, 913, 11, 1
83, 747, 10, 1
84, 361, 23, 1
60, 962, 695, 1
61, 869, 702, 1
66, 771, 554, 2
69, 923, 532, 2
70, 1046, 557, 2
72, 494, 486, 2
73, 1206, 447, 1
74, 946, 463, 1
75, 819, 340, 1
76, 975, 265, 2
77, 547, 301, 2
78, 963, 145, 2
79, 728, 121, 2
80, 554, 246, 1
81, 1085, 21, 1
82, 913, 41, 2
83, 738, 56, 1
84, 368, 136, 1
61, 869, 705, 1
66, 771, 584, 2
69, 923, 562, 2
70, 1094, 713, 1
72, 494, 516, 2
73, 1206, 477, 2
74, 915, 454, 1
75, 819, 370, 2
76, 930, 363, 1
77, 547, 331, 2
78, 870, 192, 1
79, 726, 163, 1
80, 554, 276, 2
81, 1085, 21, 1
82, 855, 34, 1
83, 738, 86, 2
84, 368, 337, 1
61, 867, 709, 1
66, 818, 642, 1
69, 1032, 632, 1
72, 595, 560, 1
73, 1167, 695, 1
74, 918, 523, 1
75, 819, 400, 2
76, 929, 434, 1
77, 547, 361, 2
78, 848, 244, 1
79, 710, 270, 1
80, 554, 306, 2
81, 1085, 21, 1
82, 855, 64, 2
83, 738, 116, 2
84, 382, 557, 1
72, 620, 688, 1
74, 914, 664, 1
75, 851, 491, 1
76, 946, 429, 1
77, 547, 391, 2
78, 808, 304, 1
79, 683, 372, 1
80, 554, 336, 2
81, 1085, 21, 1
82, 885, 118, 1
83, 738, 146, 2
84, 382, 587, 2
85, 914, 10, 1
86, 575, 45, 1
74, 1093, 713, 1
75, 873, 644, 1
76, 923, 441, 1
77, 547, 421, 2
78, 832, 339, 1
79, 657, 496, 1
80, 554, 366, 2
81, 1163, 42, 1
82, 885, 148, 2
83, 738, 176, 2
84, 382, 617, 2
85, 969, 91, 1
86, 590, 206, 1
87, 1059, 12, 1
88, 480, 69, 1
74, 1093, 713, 1
75, 872, 702, 1
76, 778, 574, 1
77, 547, 451, 2
78, 953, 439, 1
79, 618, 619, 1
80, 619, 385, 1
81, 1169, 149, 1
82, 885, 178, 2
83, 738, 206, 2
85, 1003, 233, 1
86, 590, 236, 2
87, 1085, 21, 1
88, 480, 99, 2
89, 822, 445, 1
90, 935, 35, 1
91, 727, 22, 1
74, 1093, 713, 1
75, 869, 702, 1
76, 761, 703, 1
77, 547, 481, 2
78, 913, 445, 1
79, 584, 704, 1
80, 642, 562, 1
81, 1181, 267, 1
82, 885, 208, 2
83, 738, 236, 2
85, 1038, 385, 1
86, 575, 385, 1
87, 1085, 21, 1
88, 568, 215, 1
89, 836, 592, 1
90, 948, 151, 1
91, 731, 124, 1
92, 600, 31, 1
74, 1093, 713, 1
75, 881, 694, 1
76, 737, 706, 1
77, 547, 511, 2
78, 923, 441, 1
80, 626, 573, 1
81, 1188, 381, 1
82, 964, 297, 1
83, 740, 271, 1
85, 1053, 546, 1
86, 575, 415, 2
87, 1172, 40, 1
88, 577, 354, 1
89, 836, 622, 2
90, 948, 181, 2
91, 731, 154, 2
92, 600, 171, 1
93, 1076, 19, 1
94, 1024, 43, 1
75, 869, 702, 1
76, 659, 710, 1
77, 547, 541, 2
78, 890, 443, 1
80, 626, 603, 2
81, 1185, 505, 1
82, 993, 457, 1
83, 758, 432, 1
85, 1057, 688, 1
86, 583, 500, 1
87, 1177, 172, 1
88, 577, 384, 2
90, 948, 211, 2
91, 731, 184, 2
92, 603, 322, 1
93, 1085, 21, 1
94, 1009, 172, 1
95, 858, 82, 1
96, 710, 12, 1
75, 869, 702, 1
77, 547, 571, 2
78, 923, 441, 1
81, 1166, 628, 1
82, 991, 610, 1
83, 777, 601, 1
85, 1092, 713, 1
86, 583, 530, 2
87, 1188, 319, 1
88, 577, 414, 2
90, 983, 316, 1
91, 824, 229, 1
92, 603, 352, 2
93, 1085, 21, 1
94, 1009, 202, 2
95, 858, 112, 2
96, 700, 90, 1
97, 388, 5, 1
75, 873, 701, 1
77, 547, 601, 2
78, 990, 487, 1
82, 988, 711, 1
85, 1093, 712, 1
86, 614, 631, 1
87, 1188, 474, 1
88, 577, 444, 2
90, 881, 455, 1
91, 802, 388, 1
92, 603, 382, 2
93, 1085, 21, 1
94, 1009, 232, 2
95, 858, 142, 2
96, 697, 244, 1
97, 419, 126, 1
98, 949, 64, 1
75, 869, 702, 1
78, 940, 601, 1
85, 1092, 713, 1
87, 1173, 622, 1
88, 577, 474, 2
90, 786, 562, 1
91, 923, 441, 1
92, 603, 412, 2
93, 1080, 35, 1
94, 1009, 262, 2
95, 858, 172, 2
96, 687, 387, 1
97, 445, 269, 1
98, 918, 139, 1
99, 726, 51, 1
75, 864, 700, 1
78, 938, 703, 1
85, 1090, 713, 1
88, 577, 504, 2
90, 763, 703, 1
91, 923, 441, 1
92, 603, 442, 2
93, 1105, 80, 1
94, 909, 337, 1
95, 858, 202, 2
96, 684, 533, 1
97, 471, 446, 1
98, 958, 216, 1
99, 708, 184, 1
100, 1057, 11, 1
101, 894, 17, 1
102, 745, 14, 1
75, 869, 702, 1
85, 1092, 713, 1
88, 510, 638, 1
91, 875, 496, 1
92, 603, 472, 2
93, 1105, 189, 1
94, 929, 436, 1
95, 858, 232, 2
96, 683, 666, 1
97, 471, 476, 2
98, 1012, 357, 1
99, 691, 323, 1
100, 1091, 21, 1
101, 959, 72, 1
102, 780, 98, 1
103, 506, 46, 1
75, 871, 705, 1
85, 1092, 713, 1
91, 847, 632, 1
92, 603, 502, 2
93, 1097, 317, 1
94, 923, 441, 1
95, 801, 241, 1
97, 471, 506, 2
98, 1061, 500, 1
99, 692, 462, 1
100, 1069, 144, 1
101, 925, 202, 1
102, 780, 128, 2
103, 563, 203, 1
104, 425, 134, 1
105, 1085, 21, 1
106, 740, 47, 1
91, 869, 702, 1
92, 603, 532, 2
93, 1078, 448, 1
94, 924, 447, 1
95, 801, 271, 2
97, 471, 536, 2
98, 1088, 635, 1
99, 691, 612, 1
100, 1111, 246, 1
101, 925, 232, 2
102, 767, 143, 1
103, 604, 340, 1
104, 460, 327, 1
105, 1260, 54, 1
106, 740, 77, 2
107, 1085, 21, 1
108, 733, 15, 1
91, 869, 702, 1
92, 603, 562, 2
93, 1078, 478, 2
94, 924, 477, 2
95, 873, 426, 1
97, 471, 566, 2
98, 1092, 713, 1
99, 677, 709, 1
100, 1152, 361, 1
101, 990, 427, 1
102, 789, 261, 1
103, 604, 370, 2
104, 460, 357, 2
105, 1305, 222, 1
106, 740, 107, 2
107, 1109, 32, 1
108, 687, 81, 1
109, 1034, 25, 1
92, 603, 592, 2
93, 1078, 508, 2
94, 849, 665, 1
95, 925, 442, 1
97, 536, 675, 1
98, 1019, 704, 1
100, 1179, 471, 1
101, 957, 605, 1
102, 789, 291, 2
103, 604, 400, 2
104, 460, 387, 2
105, 1333, 395, 1
106, 740, 137, 2
107, 1109, 62, 2
108, 627, 137, 1
109, 1061, 76, 1
110, 1081, 3, 1
92, 603, 622, 2
93, 1078, 538, 2
94, 867, 702, 1
95, 924, 441, 1
98, 1092, 713, 1
100, 1196, 584, 1
101, 946, 696, 1
102, 784, 475, 1
103, 604, 430, 2
104, 460, 417, 2
105, 1358, 573, 1
106, 740, 167, 2
107, 1109, 92, 2
108, 632, 262, 1
109, 1053, 169, 1
110, 1085, 21, 1
93, 1078, 568, 2
95, 923, 441, 1
98, 1091, 713, 1
100, 1207, 688, 1
101, 841, 687, 1
102, 773, 572, 1
103, 604, 460, 2
104, 460, 447, 2
105, 1363, 704, 1
106, 740, 197, 2
107, 1109, 122, 2
108, 646, 387, 1
109, 1037, 275, 1
110, 1238, 82, 1
111, 881, 112, 1
112, 1085, 21, 1
93, 1078, 598, 2
95, 916, 445, 1
98, 1093, 713, 1
101, 884, 700, 1
102, 769, 690, 1
103, 662, 524, 1
104, 460, 477, 2
106, 740, 227, 2
107, 1109, 152, 2
108, 646, 417, 2
109, 1025, 381, 1
110, 1223, 250, 1
111, 874, 276, 1
112, 1085, 21, 1
113, 931, 51, 1
114, 703, 13, 1
93, 1078, 628, 2
95, 916, 475, 2
98, 1093, 713, 1
101, 869, 702, 1
103, 679, 655, 1
104, 460, 507, 2
106, 838, 428, 1
107, 1109, 182, 2
108, 646, 447, 2
109, 1018, 514, 1
110, 1205, 392, 1
111, 942, 429, 1
112, 1085, 21, 1
113, 898, 154, 1
114, 747, 160, 1
115, 743, 25, 1
93, 1101, 713, 1
95, 916, 505, 2
101, 869, 702, 1
104, 460, 537, 2
106, 814, 597, 1
107, 1109, 212, 2
108, 646, 477, 2
109, 1016, 643, 1
110, 1191, 544, 1
111, 923, 441, 1
112, 1085, 21, 1
113, 896, 267, 1
114, 731, 298, 1
115, 762, 139, 1
116, 468, 52, 1
93, 1088, 713, 1
95, 916, 535, 2
101, 869, 702, 1
104, 460, 567, 2
106, 751, 699, 1
107, 1109, 242, 2
108, 646, 507, 2
110, 1175, 693, 1
111, 958, 487, 1
112, 1085, 21, 1
113, 876, 462, 1
114, 715, 452, 1
115, 775, 309, 1
116, 508, 170, 1
117, 991, 442, 1
118, 914, 370, 1
119, 952, 19, 1
120, 608, 24, 1
93, 1092, 713, 1
95, 916, 565, 2
101, 869, 702, 1
104, 460, 597, 2
107, 1109, 272, 2
108, 703, 652, 1
111, 960, 573, 1
112, 1085, 21, 1
113, 876, 492, 2
114, 763, 463, 1
115, 775, 339, 2
116, 551, 316, 1
117, 991, 472, 2
118, 923, 441, 1
119, 952, 171, 1
120, 644, 107, 1
93, 1097, 712, 1
95, 916, 595, 2
101, 869, 702, 1
104, 460, 627, 2
107, 1109, 302, 2
111, 980, 695, 1
112, 1085, 21, 1
113, 876, 522, 2
114, 769, 621, 1
115, 775, 369, 2
116, 601, 475, 1
117, 991, 502, 2
118, 911, 450, 1
119, 948, 352, 1
120, 681, 237, 1
121, 925, 54, 1
122, 745, 67, 1
93, 1092, 713, 1
95, 916, 625, 2
101, 869, 702, 1
107, 1109, 332, 2
112, 1085, 21, 1
113, 876, 552, 2
115, 775, 399, 2
116, 648, 628, 1
117, 949, 576, 1
118, 911, 480, 2
119, 923, 441, 1
120, 681, 267, 2
121, 965, 166, 1
122, 745, 97, 2
123, 745, 32, 1
93, 1093, 713, 1
95, 869, 702, 1
107, 1109, 362, 2
112, 1085, 21, 1
113, 876, 582, 2
115, 774, 491, 1
117, 949, 606, 2
118, 911, 510, 2
119, 923, 441, 1
120, 836, 333, 1
121, 995, 291, 1
122, 745, 127, 2
123, 733, 119, 1
93, 1093, 713, 1
95, 869, 703, 1
107, 1109, 392, 2
112, 1085, 21, 1
113, 823, 625, 1
115, 774, 521, 2
118, 911, 540, 2
119, 848, 493, 1
120, 836, 363, 2
121, 947, 426, 1
122, 733, 249, 1
123, 733, 149, 2
124, 1048, 416, 1
93, 1092, 713, 1
95, 879, 709, 1
107, 1109, 422, 2
112, 1085, 21, 1
115, 774, 551, 2
118, 896, 616, 1
119, 848, 523, 2
120, 836, 393, 2
121, 923, 441, 1
122, 736, 387, 1
123, 733, 179, 2
124, 1069, 558, 1
95, 860, 700, 1
107, 1109, 452, 2
112, 1085, 21, 1
115, 774, 581, 2
118, 936, 702, 1
119, 848, 553, 2
120, 836, 423, 2
121, 923, 441, 1
122, 744, 522, 1
123, 733, 209, 2
124, 1097, 694, 1
95, 869, 702, 1
107, 1109, 482, 2
112, 1085, 21, 1
115, 756, 655, 1
119, 848, 583, 2
120, 836, 453, 2
121, 923, 441, 1
122, 744, 552, 2
123, 733, 239, 2
124, 1092, 713, 1
95, 869, 703, 1
107, 1109, 512, 2
112, 1085, 21, 1
119, 848, 613, 2
120, 836, 483, 2
121, 923, 441, 1
122, 744, 582, 2
123, 733, 269, 2
124, 1094, 713, 1
125, 644, 76, 1
107, 1109, 542, 2
112, 1085, 21, 1
119, 869, 703, 1
120, 836, 513, 2
121, 923, 441, 1
122, 744, 612, 2
123, 733, 299, 2
124, 1094, 713, 1
125, 677, 206, 1
126, 577, 41, 1
107, 1109, 572, 2
112, 1093, 22, 1
119, 869, 703, 1
120, 836, 543, 2
121, 923, 441, 1
123, 702, 332, 1
124, 1093, 713, 1
125, 677, 236, 2
126, 637, 176, 1
127, 988, 32, 1
107, 1109, 602, 2
112, 1085, 21, 1
119, 869, 703, 1
120, 836, 573, 2
121, 923, 441, 1
123, 726, 471, 1
124, 1093, 713, 1
125, 698, 309, 1
126, 637, 206, 2
127, 1027, 161, 1
128, 775, 58, 1
112, 1085, 21, 1
119, 869, 703, 1
120, 836, 603, 2
121, 923, 441, 1
123, 752, 623, 1
124, 1093, 713, 1
125, 747, 451, 1
126, 637, 236, 2
127, 1045, 288, 1
128, 774, 173, 1
112, 1085, 21, 1
119, 869, 702, 1
121, 922, 441, 1
124, 1093, 713, 1
125, 805, 592, 1
126, 637, 266, 2
127, 1066, 432, 1
128, 780, 311, 1
129, 821, 35, 1
112, 1085, 21, 1
119, 876, 700, 1
121, 925, 441, 1
124, 1093, 713, 1
125, 805, 622, 2
126, 637, 296, 2
127, 1076, 576, 1
128, 783, 456, 1
129, 854, 140, 1
130, 738, 27, 1
112, 1085, 21, 1
119, 869, 702, 1
121, 923, 441, 1
126, 637, 326, 2
127, 1124, 693, 1
128, 789, 599, 1
129, 899, 290, 1
130, 779, 98, 1
112, 1085, 21, 1
119, 875, 701, 1
121, 863, 441, 1
126, 637, 356, 2
127, 1093, 713, 1
128, 788, 698, 1
129, 969, 471, 1
130, 815, 185, 1
112, 1085, 21, 1
119, 869, 703, 1
121, 923, 441, 1
126, 637, 386, 2
127, 1093, 713, 1
129, 980, 607, 1
130, 848, 287, 1
131, 931, 16, 1
132, 516, 20, 1
112, 1085, 21, 1
119, 869, 702, 1
121, 939, 454, 1
126, 637, 416, 2
127, 1100, 713, 1
129, 1003, 705, 1
130, 868, 376, 1
131, 877, 94, 1
132, 521, 124, 1
112, 1085, 21, 1
119, 869, 703, 1
121, 914, 518, 1
126, 637, 446, 2
127, 1093, 713, 1
130, 934, 428, 1
131, 834, 242, 1
132, 517, 242, 1
112, 1085, 21, 1
119, 869, 703, 1
121, 941, 609, 1
126, 637, 476, 2
127, 1093, 713, 1
130, 924, 442, 1
131, 799, 366, 1
132, 508, 384, 1
133, 920, 41, 1
112, 1085, 21, 1
119, 869, 702, 1
121, 958, 687, 1
126, 637, 506, 2
127, 1094, 713, 1
130, 923, 441, 1
131, 776, 509, 1
132, 512, 545, 1
133, 940, 148, 1
112, 1085, 21, 1
119, 869, 703, 1
126, 637, 536, 2
127, 1093, 713, 1
130, 923, 441, 1
131, 750, 659, 1
132, 532, 675, 1
133, 955, 265, 1
112, 1085, 21, 1
119, 869, 703, 1
126, 637, 566, 2
127, 1093, 713, 1
130, 916, 450, 1
133, 966, 352, 1
112, 1085, 21, 1
119, 869, 703, 1
126, 637, 596, 2
127, 1093, 713, 1
130, 958, 526, 1
133, 915, 437, 1
112, 1085, 21, 1
119, 869, 703, 1
126, 637, 626, 2
127, 1093, 713, 1
130, 961, 650, 1
133, 923, 441, 1
134, 879, 18, 1
112, 1085, 21, 1
119, 869, 703, 1
127, 1094, 713, 1
133, 923, 441, 1
134, 883, 129, 1
112, 1085, 21, 1
119, 869, 703, 1
127, 1094, 713, 1
133, 923, 441, 1
134, 894, 261, 1
112, 1085, 21, 1
119, 869, 703, 1
127, 1094, 713, 1
133, 929, 457, 1
134, 881, 366, 1
112, 1085, 21, 1
119, 869, 703, 1
127, 1094, 713, 1
133, 887, 533, 1
134, 926, 439, 1
112, 1085, 21, 1
127, 1094, 713, 1
133, 871, 663, 1
134, 923, 441, 1
112, 1085, 21, 1
127, 1094, 713, 1
133, 869, 703, 1
134, 923, 441, 1
112, 1085, 21, 1
127, 1093, 713, 1
133, 869, 703, 1
134, 923, 441, 1
112, 1085, 21, 1
127, 1093, 713, 1
133, 869, 703, 1
134, 923, 441, 1
112, 1085, 20, 1
127, 1095, 714, 1
133, 869, 703, 1
134, 923, 441, 1
112, 1085, 20, 1
127, 1095, 714, 1
133, 869, 703, 1
134, 923, 441, 1
112, 1085, 20, 1
127, 1096, 714, 1
133, 869, 703, 1
134, 923, 441, 1
112, 1085, 20, 1
127, 1095, 714, 1
133, 869, 703, 1
134, 923, 441, 1
112, 1085, 20, 1
127, 1095, 714, 1
133, 869, 703, 1
134, 923, 441, 1
112, 1085, 20, 1
127, 1095, 714, 1
133, 869, 703, 1
134, 923, 441, 1
112, 1085, 20, 1
127, 1095, 714, 1
133, 869, 703, 1
134, 923, 441, 1
112, 1085, 20, 1
127, 1095, 714, 1
133, 869, 703, 1
134, 923, 441, 1
112, 1085, 20, 1
127, 1095, 714, 1
133, 869, 703, 1
134, 923, 441, 1
112, 1085, 20, 1
127, 1095, 714, 1
133, 869, 703, 1
134, 923, 441, 1
112, 1085, 20, 1
127, 1094, 714, 1
133, 869, 703, 1
134, 923, 441, 1
112, 1085, 20, 1
127, 1095, 714, 1
133, 869, 703, 1
134, 923, 441, 1
112, 1085, 21, 1
127, 1095, 714, 1
133, 869, 703, 1
134, 923, 441, 1
112, 1085, 21, 1
127, 1095, 714, 1
133, 869, 703, 1
134, 923, 441, 1
112, 1085, 20, 1
127, 1096, 714, 1
133, 869, 703, 1
134, 923, 441, 1
112, 1085, 20, 1
127, 1095, 714, 1
133, 869, 703, 1
134, 923, 441, 1
112, 1085, 20, 1
127, 1095, 714, 1
133, 869, 703, 1
134, 923, 441, 1
112, 1085, 20, 1
127, 1096, 714, 1
133, 869, 703, 1
134, 923, 441, 1
112, 1085, 21, 1
127, 1095, 714, 1
133, 869, 703, 1
134, 923, 441, 1
112, 1085, 20, 1
127, 1096, 714, 1
133, 869, 703, 1
134, 923, 441, 1
112, 1085, 20, 1
127, 1096, 714, 1
133, 869, 703, 1
134, 923, 441, 1
112, 1085, 20, 1
127, 1095, 714, 1
133, 869, 703, 1
134, 923, 441, 1
112, 1085, 20, 1
127, 1095, 714, 1
133, 869, 703, 1
134, 923, 441, 1
112, 1085, 20, 1
127, 1095, 714, 1
133, 869, 703, 1
134, 923, 441, 1
112, 1085, 20, 1
127, 1095, 714, 1
133, 869, 703, 1
134, 923, 441, 1
135, 732, 11, 1
112, 1085, 20, 1
127, 1095, 714, 1
133, 869, 703, 1
134, 923, 441, 1
135, 754, 122, 1
136, 520, 34, 1
112, 1088, 21, 1
127, 1095, 714, 1
133, 869, 703, 1
134, 923, 441, 1
135, 775, 277, 1
136, 581, 141, 1
137, 999, 11, 1
112, 1082, 24, 1
127, 1096, 714, 1
133, 869, 703, 1
134, 926, 442, 1
135, 803, 407, 1
136, 642, 287, 1
137, 1028, 124, 1
138, 878, 36, 1
112, 1097, 16, 1
127, 1095, 714, 1
133, 869, 703, 1
134, 923, 441, 1
135, 839, 556, 1
136, 691, 439, 1
137, 1026, 269, 1
138, 1066, 91, 1
139, 456, 75, 1
112, 1092, 21, 1
127, 1095, 714, 1
134, 910, 444, 1
135, 865, 679, 1
136, 748, 585, 1
137, 1052, 272, 1
138, 1066, 121, 2
139, 456, 105, 2
140, 644, 223, 1
141, 1012, 79, 1
142, 819, 25, 1
143, 586, 34, 1
112, 1085, 20, 1
127, 1096, 714, 1
134, 958, 582, 1
135, 872, 702, 1
136, 759, 704, 1
137, 935, 421, 1
138, 1066, 151, 2
139, 449, 221, 1
140, 508, 400, 1
141, 972, 224, 1
142, 817, 159, 1
143, 628, 112, 1
144, 1058, 418, 1
145, 647, 376, 1
146, 802, 404, 1
112, 1097, 23, 1
127, 1095, 714, 1
134, 923, 667, 1
135, 865, 705, 1
137, 929, 451, 1
138, 1066, 181, 2
139, 484, 382, 1
140, 528, 566, 1
141, 936, 381, 1
142, 814, 333, 1
143, 658, 232, 1
144, 1055, 565, 1
145, 647, 406, 2
146, 802, 434, 2
147, 813, 65, 1
148, 659, 58, 1
112, 1063, 57, 1
134, 877, 704, 1
137, 888, 600, 1
138, 1066, 211, 2
139, 525, 550, 1
140, 553, 698, 1
141, 929, 439, 1
142, 814, 363, 2
143, 695, 356, 1
144, 1053, 677, 1
145, 647, 436, 2
146, 806, 499, 1
147, 844, 214, 1
148, 809, 58, 1
149, 1117, 19, 1
150, 940, 16, 1
151, 620, 121, 1
112, 1073, 89, 1
134, 870, 702, 1
137, 786, 650, 1
138, 1066, 241, 2
139, 525, 580, 2
140, 563, 691, 1
141, 932, 453, 1
142, 814, 393, 2
143, 695, 386, 2
144, 1093, 713, 1
145, 731, 487, 1
146, 806, 529, 2
147, 844, 244, 2
148, 809, 88, 2
149, 1117, 49, 2
150, 940, 46, 2
151, 656, 309, 1
152, 533, 112, 1
112, 1077, 151, 1
134, 869, 703, 1
138, 1066, 271, 2
139, 525, 610, 2
141, 918, 568, 1
142, 945, 450, 1
143, 664, 448, 1
144, 1093, 714, 1
145, 731, 517, 2
146, 765, 607, 1
147, 844, 274, 2
148, 853, 98, 1
149, 1117, 79, 2
150, 940, 76, 2
151, 656, 339, 2
152, 593, 276, 1
153, 485, 197, 1
154, 551, 64, 1
155, 1085, 21, 1
156, 696, 62, 1
157, 373, 10, 1
112, 1077, 225, 1
134, 930, 707, 1
138, 976, 388, 1
141, 866, 701, 1
142, 910, 565, 1
143, 664, 478, 2
144, 1093, 714, 1
145, 674, 583, 1
146, 758, 705, 1
147, 907, 454, 1
148, 853, 128, 2
149, 1117, 109, 2
150, 940, 106, 2
151, 656, 369, 2
152, 593, 306, 2
153, 485, 227, 2
154, 551, 94, 2
155, 1092, 45, 1
156, 696, 92, 2
157, 397, 77, 1
158, 1059, 7, 1
159, 823, 24, 1
160, 640, 48, 1
112, 1069, 314, 1
138, 923, 441, 1
141, 865, 702, 1
142, 947, 696, 1
143, 664, 508, 2
144, 1093, 713, 1
145, 686, 692, 1
147, 974, 553, 1
148, 853, 158, 2
149, 1087, 160, 1
150, 940, 136, 2
151, 656, 399, 2
152, 593, 336, 2
153, 485, 257, 2
154, 551, 124, 2
155, 1092, 75, 2
156, 696, 122, 2
157, 438, 202, 1
158, 1094, 32, 1
159, 833, 108, 1
160, 640, 78, 2
161, 921, 12, 1
162, 493, 35, 1
112, 1057, 449, 1
138, 920, 442, 1
141, 862, 701, 1
142, 982, 689, 1
143, 531, 624, 1
144, 1099, 713, 1
147, 974, 583, 2
148, 856, 234, 1
149, 1081, 257, 1
150, 940, 166, 2
151, 656, 429, 2
152, 593, 366, 2
153, 483, 349, 1
154, 551, 154, 2
155, 919, 73, 1
156, 696, 152, 2
157, 438, 232, 2
158, 1098, 90, 1
159, 833, 138, 2
160, 640, 108, 2
161, 1085, 16, 1
162, 493, 65, 2
163, 772, 55, 1
164, 519, 20, 1
112, 1057, 479, 2
138, 929, 446, 1
141, 754, 707, 1
142, 869, 703, 1
143, 657, 652, 1
144, 1093, 713, 1
147, 1035, 587, 1
148, 882, 343, 1
149, 1063, 357, 1
150, 940, 196, 2
151, 656, 459, 2
152, 593, 396, 2
153, 483, 379, 2
154, 551, 184, 2
155, 919, 103, 2
156, 696, 182, 2
157, 438, 262, 2
158, 1093, 221, 1
159, 845, 180, 1
160, 640, 138, 2
161, 1085, 21, 1
162, 493, 95, 2
163, 772, 85, 2
164, 519, 50, 2
165, 975, 31, 1
112, 1034, 481, 1
138, 905, 515, 1
142, 880, 701, 1
143, 570, 654, 1
144, 1104, 713, 1
147, 1006, 686, 1
148, 970, 429, 1
149, 1063, 387, 2
150, 959, 291, 1
151, 656, 489, 2
152, 593, 426, 2
153, 483, 409, 2
154, 483, 253, 1
155, 919, 133, 2
156, 696, 212, 2
157, 438, 292, 2
158, 1097, 336, 1
159, 791, 301, 1
160, 640, 168, 2
161, 1085, 21, 1
162, 493, 125, 2
163, 772, 115, 2
164, 519, 80, 2
165, 963, 69, 1
166, 810, 14, 1
112, 1046, 605, 1
138, 906, 603, 1
142, 868, 704, 1
143, 746, 695, 1
144, 1092, 713, 1
148, 906, 454, 1
149, 1117, 465, 1
150, 986, 382, 1
151, 595, 600, 1
152, 593, 456, 2
153, 483, 439, 2
154, 483, 283, 2
155, 941, 210, 1
156, 696, 242, 2
157, 480, 398, 1
158, 1097, 366, 2
159, 793, 417, 1
160, 640, 198, 2
161, 1085, 21, 1
162, 493, 155, 2
163, 772, 145, 2
164, 622, 106, 1
165, 963, 99, 2
166, 776, 66, 1
167, 975, 37, 1
112, 1065, 689, 1
138, 898, 685, 1
148, 976, 528, 1
149, 1127, 594, 1
150, 924, 447, 1
151, 641, 652, 1
152, 593, 486, 2
153, 489, 533, 1
154, 483, 313, 2
155, 917, 352, 1
156, 644, 307, 1
157, 480, 428, 2
158, 1097, 396, 2
159, 806, 539, 1
160, 640, 228, 2
161, 1085, 21, 1
162, 493, 185, 2
163, 772, 175, 2
164, 622, 136, 2
165, 963, 129, 2
166, 762, 145, 1
167, 995, 112, 1
168, 859, 12, 1
169, 631, 6, 1
170, 434, 64, 1
138, 884, 711, 1
148, 980, 644, 1
149, 1131, 689, 1
150, 887, 541, 1
152, 593, 516, 2
153, 493, 665, 1
154, 483, 343, 2
155, 927, 437, 1
156, 672, 516, 1
157, 480, 458, 2
158, 1097, 426, 2
159, 810, 663, 1
160, 640, 258, 2
161, 1085, 21, 1
162, 461, 188, 1
163, 753, 224, 1
164, 622, 166, 2
165, 963, 159, 2
166, 762, 175, 2
167, 1015, 200, 1
168, 980, 7, 1
169, 671, 58, 1
170, 434, 94, 2
171, 858, 65, 1
172, 496, 20, 1
149, 1092, 713, 1
150, 866, 675, 1
152, 593, 546, 2
154, 483, 373, 2
155, 923, 441, 1
156, 672, 546, 2
157, 480, 488, 2
158, 1097, 456, 2
159, 693, 687, 1
160, 640, 288, 2
161, 1085, 21, 1
162, 492, 323, 1
163, 753, 254, 2
164, 622, 196, 2
165, 963, 189, 2
166, 762, 205, 2
167, 1028, 285, 1
168, 977, 37, 1
169, 671, 88, 2
170, 434, 124, 2
171, 842, 167, 1
172, 514, 91, 1
173, 420, 17, 1
149, 1093, 713, 1
150, 869, 703, 1
152, 593, 576, 2
154, 531, 469, 1
155, 920, 442, 1
156, 672, 576, 2
157, 480, 518, 2
158, 1097, 486, 2
160, 640, 318, 2
161, 1109, 24, 1
162, 492, 353, 2
163, 753, 284, 2
164, 622, 226, 2
165, 963, 219, 2
166, 762, 235, 2
167, 1041, 371, 1
168, 983, 160, 1
169, 671, 118, 2
170, 434, 154, 2
171, 833, 279, 1
172, 564, 143, 1
173, 435, 42, 1
174, 1008, 43, 1
175, 826, 32, 1
149, 1093, 713, 1
150, 869, 703, 1
152, 593, 606, 2
154, 531, 499, 2
155, 760, 553, 1
156, 582, 617, 1
157, 480, 548, 2
158, 1045, 484, 1
160, 640, 348, 2
161, 1088, 18, 1
162, 492, 383, 2
163, 698, 390, 1
164, 597, 243, 1
165, 983, 291, 1
166, 762, 265, 2
167, 929, 443, 1
168, 983, 190, 2
169, 671, 148, 2
170, 434, 184, 2
171, 825, 399, 1
172, 564, 173, 2
173, 454, 118, 1
174, 1027, 105, 1
175, 799, 133, 1
149, 1093, 713, 1
150, 869, 702, 1
154, 531, 529, 2
155, 766, 662, 1
157, 480, 578, 2
158, 1051, 596, 1
160, 640, 378, 2
161, 1085, 21, 1
162, 586, 416, 1
163, 698, 420, 2
164, 597, 273, 2
165, 997, 431, 1
166, 794, 276, 1
167, 898, 438, 1
168, 983, 220, 2
169, 666, 270, 1
170, 476, 212, 1
171, 825, 429, 2
172, 564, 203, 2
173, 454, 148, 2
174, 1025, 184, 1
175, 799, 163, 2
176, 897, 48, 1
177, 577, 57, 1
154, 531, 559, 2
157, 480, 608, 2
158, 1071, 683, 1
160, 640, 408, 2
161, 1085, 21, 1
162, 591, 523, 1
163, 706, 647, 1
164, 597, 303, 2
165, 982, 584, 1
166, 736, 399, 1
167, 842, 641, 1
168, 1017, 275, 1
169, 666, 300, 2
170, 476, 242, 2
171, 926, 442, 1
172, 564, 233, 2
173, 454, 178, 2
174, 1025, 214, 2
175, 799, 193, 2
176, 913, 144, 1
177, 577, 87, 2
154, 531, 589, 2
158, 1093, 713, 1
160, 640, 438, 2
161, 1085, 21, 1
162, 591, 553, 2
164, 516, 426, 1
165, 941, 694, 1
166, 736, 429, 2
167, 867, 701, 1
168, 920, 442, 1
169, 621, 318, 1
170, 476, 272, 2
171, 818, 568, 1
172, 564, 263, 2
173, 454, 208, 2
174, 977, 332, 1
175, 799, 223, 2
176, 913, 174, 2
177, 577, 117, 2
178, 950, 6, 1
154, 673, 625, 1
158, 1092, 713, 1
160, 640, 468, 2
161, 1085, 21, 1
162, 623, 702, 1
164, 546, 562, 1
166, 664, 444, 1
167, 800, 703, 1
168, 920, 502, 1
169, 621, 348, 2
170, 476, 302, 2
171, 818, 598, 2
172, 564, 293, 2
173, 454, 238, 2
174, 867, 451, 1
175, 903, 374, 1
176, 913, 204, 2
177, 577, 147, 2
178, 839, 76, 1
179, 954, 439, 1
180, 1026, 464, 1
181, 960, 43, 1
154, 656, 707, 1
158, 1092, 713, 1
160, 640, 498, 2
161, 1085, 21, 1
164, 568, 691, 1
166, 694, 580, 1
168, 892, 556, 1
169, 621, 378, 2
170, 476, 332, 2
171, 869, 702, 1
172, 564, 323, 2
173, 454, 268, 2
174, 867, 481, 2
175, 924, 440, 1
176, 825, 222, 1
177, 577, 177, 2
178, 839, 106, 2
179, 954, 469, 2
180, 1030, 560, 1
181, 958, 99, 1
182, 758, 9, 1
160, 640, 528, 2
161, 1085, 21, 1
166, 723, 706, 1
168, 899, 684, 1
169, 621, 408, 2
170, 476, 362, 2
172, 564, 353, 2
173, 454, 298, 2
174, 867, 511, 2
175, 924, 442, 1
176, 821, 374, 1
177, 577, 207, 2
178, 839, 136, 2
179, 954, 499, 2
180, 1039, 654, 1
181, 944, 271, 1
182, 787, 86, 1
183, 975, 72, 1
184, 366, 19, 1
160, 640, 558, 2
161, 1085, 21, 1
168, 869, 702, 1
169, 621, 438, 2
170, 476, 392, 2
172, 564, 383, 2
173, 454, 328, 2
174, 818, 509, 1
175, 940, 499, 1
176, 871, 449, 1
177, 577, 237, 2
178, 812, 236, 1
179, 954, 529, 2
180, 1052, 701, 1
181, 992, 442, 1
182, 787, 116, 2
183, 970, 197, 1
184, 381, 119, 1
185, 931, 380, 1
160, 640, 588, 2
161, 1086, 21, 1
168, 887, 710, 1
169, 621, 468, 2
170, 476, 422, 2
172, 564, 413, 2
173, 454, 358, 2
174, 870, 630, 1
175, 940, 529, 2
176, 871, 479, 2
177, 577, 267, 2
178, 827, 383, 1
179, 954, 559, 2
180, 1092, 713, 1
181, 992, 472, 2
182, 787, 146, 2
183, 969, 318, 1
184, 413, 263, 1
185, 929, 451, 1
186, 976, 64, 1
187, 803, 7, 1
188, 535, 65, 1
160, 640, 618, 2
161, 1085, 21, 1
169, 621, 498, 2
170, 476, 452, 2
172, 564, 443, 2
173, 454, 388, 2
174, 860, 700, 1
175, 940, 559, 2
176, 842, 539, 1
177, 577, 297, 2
178, 891, 444, 1
179, 954, 589, 2
180, 1093, 713, 1
181, 992, 502, 2
182, 787, 176, 2
183, 969, 348, 2
184, 451, 437, 1
185, 985, 448, 1
186, 1010, 184, 1
187, 777, 66, 1
188, 536, 196, 1
161, 1085, 21, 1
169, 621, 528, 2
170, 476, 482, 2
172, 564, 473, 2
173, 454, 418, 2
175, 940, 589, 2
176, 844, 681, 1
177, 577, 327, 2
178, 891, 474, 2
179, 954, 619, 2
180, 1093, 713, 1
181, 974, 573, 1
182, 767, 203, 1
183, 923, 441, 1
184, 506, 599, 1
185, 985, 478, 2
186, 1044, 320, 1
187, 777, 96, 2
188, 544, 340, 1
189, 571, 55, 1
161, 1085, 21, 1
169, 621, 558, 2
170, 476, 512, 2
172, 564, 503, 2
173, 454, 448, 2
175, 940, 619, 2
176, 869, 702, 1
177, 577, 357, 2
178, 891, 504, 2
179, 964, 675, 1
180, 1093, 713, 1
181, 974, 603, 2
182, 760, 339, 1
183, 922, 441, 1
184, 583, 703, 1
185, 985, 508, 2
186, 1073, 454, 1
187, 777, 126, 2
188, 561, 492, 1
189, 565, 216, 1
190, 791, 43, 1
191, 450, 39, 1
161, 1085, 21, 1
169, 621, 588, 2
170, 476, 542, 2
172, 564, 533, 2
173, 454, 478, 2
176, 869, 702, 1
177, 577, 387, 2
178, 891, 534, 2
180, 1092, 713, 1
182, 758, 486, 1
183, 923, 441, 1
185, 985, 538, 2
186, 1094, 600, 1
187, 759, 160, 1
188, 576, 646, 1
189, 565, 386, 1
190, 791, 73, 2
191, 490, 158, 1
161, 1085, 21, 1
169, 621, 618, 2
170, 476, 572, 2
172, 564, 563, 2
173, 454, 508, 2
176, 869, 702, 1
177, 577, 417, 2
178, 891, 564, 2
182, 759, 640, 1
183, 923, 441, 1
185, 985, 568, 2
186, 1137, 698, 1
187, 730, 283, 1
189, 562, 569, 1
190, 791, 103, 2
191, 538, 298, 1
192, 693, 29, 1
161, 1085, 21, 1
170, 476, 602, 2
172, 564, 593, 2
173, 454, 538, 2
176, 869, 702, 1
177, 577, 447, 2
178, 891, 594, 2
183, 923, 441, 1
185, 985, 598, 2
186, 1093, 713, 1
187, 707, 407, 1
189, 587, 713, 1
190, 791, 133, 2
191, 585, 411, 1
192, 673, 126, 1
161, 1085, 21, 1
172, 564, 623, 2
173, 454, 568, 2
176, 869, 702, 1
177, 577, 477, 2
178, 891, 624, 2
183, 923, 441, 1
185, 985, 628, 2
186, 1093, 713, 1
187, 731, 527, 1
190, 791, 163, 2
191, 583, 558, 1
192, 669, 239, 1
193, 745, 7, 1
161, 1085, 21, 1
173, 454, 598, 2
177, 577, 507, 2
178, 869, 702, 1
183, 923, 441, 1
186, 1093, 713, 1
187, 775, 651, 1
190, 791, 193, 2
191, 589, 670, 1
192, 669, 364, 1
193, 727, 108, 1
194, 610, 55, 1
161, 1085, 21, 1
173, 454, 628, 2
177, 577, 537, 2
178, 869, 703, 1
183, 923, 441, 1
186, 1094, 713, 1
190, 749, 267, 1
192, 676, 503, 1
193, 727, 138, 2
194, 626, 164, 1
161, 1085, 21, 1
177, 577, 567, 2
178, 869, 703, 1
183, 811, 456, 1
186, 1094, 713, 1
190, 749, 297, 2
192, 674, 630, 1
193, 727, 168, 2
194, 627, 271, 1
195, 924, 441, 1
161, 1088, 22, 1
177, 577, 597, 2
178, 870, 710, 1
183, 868, 649, 1
186, 1093, 713, 1
190, 749, 327, 2
192, 641, 709, 1
193, 727, 198, 2
194, 628, 394, 1
195, 923, 441, 1
196, 991, 18, 1
161, 1097, 20, 1
177, 577, 627, 2
183, 869, 703, 1
186, 1093, 713, 1
190, 749, 357, 2
193, 727, 228, 2
194, 650, 524, 1
195, 923, 441, 1
196, 998, 64, 1
197, 689, 22, 1
198, 572, 42, 1
161, 1085, 21, 1
183, 869, 703, 1
186, 1093, 713, 1
190, 749, 387, 2
193, 727, 258, 2
194, 670, 651, 1
195, 923, 441, 1
196, 1007, 151, 1
197, 689, 52, 2
198, 572, 72, 2
161, 1085, 21, 1
183, 869, 703, 1
186, 1094, 713, 1
190, 749, 417, 2
193, 613, 277, 1
195, 923, 441, 1
196, 1012, 252, 1
197, 760, 191, 1
198, 572, 102, 2
161, 1085, 21, 1
183, 869, 703, 1
186, 1093, 713, 1
190, 749, 447, 2
193, 630, 425, 1
195, 920, 444, 1
196, 1012, 368, 1
197, 798, 289, 1
198, 572, 132, 2
199, 902, 9, 1
161, 1085, 21, 1
183, 869, 703, 1
186, 1093, 713, 1
190, 749, 477, 2
193, 646, 577, 1
195, 908, 442, 1
196, 1015, 486, 1
197, 827, 402, 1
198, 572, 162, 2
199, 909, 124, 1
200, 789, 15, 1
161, 1085, 21, 1
183, 869, 703, 1
186, 1093, 713, 1
190, 749, 507, 2
193, 664, 689, 1
195, 861, 518, 1
196, 1001, 584, 1
197, 934, 431, 1
198, 572, 192, 2
199, 931, 283, 1
200, 795, 120, 1
161, 1085, 21, 1
183, 869, 703, 1
186, 1107, 712, 1
190, 749, 537, 2
195, 895, 614, 1
196, 999, 692, 1
197, 854, 511, 1
198, 572, 222, 2
199, 954, 467, 1
200, 815, 278, 1
201, 901, 412, 1
202, 1039, 401, 1
203, 794, 19, 1
204, 602, 54, 1
161, 1085, 21, 1
183, 869, 709, 1
186, 1093, 713, 1
190, 749, 567, 2
195, 893, 658, 1
197, 854, 541, 2
198, 572, 252, 2
199, 954, 497, 2
200, 828, 419, 1
201, 930, 441, 1
202, 1060, 548, 1
203, 788, 96, 1
204, 628, 207, 1
161, 1085, 21, 1
190, 749, 597, 2
195, 870, 700, 1
197, 857, 584, 1
198, 572, 282, 2
199, 954, 527, 2
200, 828, 449, 2
201, 923, 441, 1
202, 1081, 677, 1
203, 793, 230, 1
204, 660, 371, 1
205, 762, 35, 1
161, 1085, 21, 1
190, 749, 627, 2
197, 857, 614, 2
198, 572, 312, 2
199, 954, 557, 2
200, 828, 479, 2
201, 923, 441, 1
202, 1093, 713, 1
203, 801, 360, 1
204, 695, 539, 1
205, 811, 136, 1
206, 726, 13, 1
161, 1085, 21, 1
197, 869, 703, 1
198, 572, 342, 2
199, 954, 587, 2
200, 810, 495, 1
201, 926, 441, 1
202, 1093, 713, 1
203, 801, 390, 2
204, 736, 686, 1
205, 864, 259, 1
206, 735, 119, 1
161, 1085, 21, 1
197, 883, 704, 1
198, 572, 372, 2
199, 954, 617, 2
200, 819, 628, 1
201, 881, 461, 1
202, 1093, 713, 1
203, 801, 420, 2
205, 978, 444, 1
206, 743, 248, 1
207, 909, 353, 1
161, 1085, 21, 1
197, 884, 700, 1
198, 572, 402, 2
200, 813, 709, 1
201, 881, 491, 2
202, 1093, 713, 1
203, 801, 450, 2
205, 963, 530, 1
206, 752, 385, 1
207, 917, 433, 1
161, 1085, 21, 1
197, 869, 703, 1
198, 572, 432, 2
201, 881, 521, 2
202, 1093, 713, 1
203, 763, 528, 1
205, 998, 644, 1
206, 752, 415, 2
207, 923, 441, 1
161, 1085, 21, 1
197, 869, 703, 1
198, 572, 462, 2
201, 881, 551, 2
202, 1099, 713, 1
203, 763, 665, 1
206, 752, 445, 2
207, 923, 441, 1
161, 1085, 21, 1
197, 869, 703, 1
198, 572, 492, 2
201, 881, 581, 2
202, 1094, 713, 1
206, 752, 475, 2
207, 923, 441, 1
161, 1085, 21, 1
197, 869, 703, 1
198, 572, 522, 2
201, 881, 611, 2
202, 1094, 714, 1
206, 752, 505, 2
207, 923, 441, 1
208, 708, 17, 1
161, 1085, 21, 1
198, 572, 552, 2
201, 869, 703, 1
202, 1093, 713, 1
206, 752, 535, 2
207, 923, 441, 1
208, 737, 66, 1
161, 1085, 21, 1
198, 572, 582, 2
201, 869, 703, 1
202, 1093, 713, 1
206, 752, 565, 2
207, 923, 441, 1
208, 776, 161, 1
161, 1085, 21, 1
198, 572, 612, 2
201, 869, 703, 1
202, 1093, 713, 1
206, 752, 595, 2
207, 923, 441, 1
208, 816, 275, 1
161, 1085, 21, 1
201, 869, 703, 1
202, 1093, 713, 1
206, 752, 625, 2
207, 933, 447, 1
208, 834, 403, 1
161, 1085, 21, 1
201, 869, 703, 1
202, 1093, 713, 1
207, 885, 541, 1
208, 931, 432, 1
161, 1085, 21, 1
201, 848, 707, 1
202, 1093, 713, 1
207, 925, 654, 1
208, 923, 441, 1
161, 1085, 21, 1
202, 1093, 713, 1
207, 869, 703, 1
208, 923, 441, 1
161, 894, 79, 1
202, 1094, 713, 1
207, 869, 703, 1
208, 923, 441, 1
209, 1085, 21, 1
161, 876, 214, 1
202, 1094, 713, 1
207, 869, 703, 1
208, 923, 441, 1
209, 1085, 21, 1
161, 859, 358, 1
202, 1094, 713, 1
207, 869, 703, 1
208, 925, 443, 1
209, 1085, 21, 1
161, 935, 434, 1
202, 1093, 713, 1
207, 869, 703, 1
208, 845, 518, 1
209, 1085, 21, 1
161, 923, 441, 1
202, 1094, 713, 1
208, 829, 657, 1
209, 1085, 21, 1
161, 923, 441, 1
202, 1094, 713, 1
208, 869, 703, 1
209, 1085, 21, 1
161, 923, 441, 1
202, 1094, 713, 1
208, 869, 703, 1
209, 1085, 21, 1
161, 923, 441, 1
202, 1094, 713, 1
208, 869, 703, 1
209, 1085, 21, 1
161, 923, 441, 1
202, 1094, 713, 1
208, 869, 703, 1
209, 1085, 21, 1
161, 923, 441, 1
202, 1096, 714, 1
208, 869, 703, 1
209, 1085, 20, 1
161, 923, 441, 1
202, 1095, 714, 1
208, 869, 703, 1
209, 1085, 20, 1
210, 901, 35, 1
161, 923, 441, 1
202, 1095, 714, 1
208, 869, 703, 1
209, 1085, 20, 1
210, 899, 147, 1
161, 923, 441, 1
202, 1096, 714, 1
208, 869, 703, 1
209, 1085, 20, 1
210, 896, 274, 1
161, 946, 456, 1
202, 1095, 714, 1
208, 869, 703, 1
209, 1085, 20, 1
210, 887, 391, 1
161, 899, 552, 1
202, 1096, 714, 1
208, 869, 703, 1
209, 1085, 20, 1
210, 924, 440, 1
211, 920, 39, 1
161, 909, 679, 1
202, 1095, 714, 1
209, 1085, 20, 1
210, 923, 441, 1
211, 928, 132, 1
212, 766, 10, 1
161, 869, 703, 1
202, 1095, 714, 1
209, 1085, 20, 1
210, 923, 441, 1
211, 935, 251, 1
212, 723, 98, 1
161, 869, 703, 1
202, 1095, 714, 1
209, 1085, 20, 1
210, 922, 446, 1
211, 945, 353, 1
212, 693, 238, 1
161, 869, 703, 1
202, 1096, 714, 1
209, 1086, 21, 1
210, 965, 498, 1
211, 905, 424, 1
212, 658, 376, 1
213, 796, 82, 1
161, 869, 703, 1
202, 1096, 714, 1
209, 1098, 20, 1
210, 958, 602, 1
211, 923, 441, 1
212, 626, 535, 1
213, 854, 230, 1
214, 975, 41, 1
161, 863, 702, 1
202, 1098, 713, 1
209, 1086, 17, 1
210, 970, 697, 1
211, 931, 453, 1
212, 594, 675, 1
213, 907, 348, 1
214, 975, 71, 2
161, 869, 703, 1
202, 1096, 714, 1
209, 1113, 219, 1
211, 961, 537, 1
213, 916, 435, 1
214, 975, 101, 2
215, 1085, 20, 1
216, 500, 16, 1
161, 869, 703, 1
202, 1101, 713, 1
209, 1125, 321, 1
211, 1005, 666, 1
213, 995, 491, 1
214, 926, 302, 1
215, 1086, 20, 1
216, 695, 37, 1
217, 905, 436, 1
218, 864, 43, 1
219, 512, 79, 1
161, 869, 703, 1
202, 1095, 714, 1
209, 1141, 461, 1
213, 975, 645, 1
214, 935, 366, 1
215, 1085, 20, 1
216, 695, 67, 2
217, 914, 454, 1
218, 898, 111, 1
219, 536, 203, 1
161, 870, 703, 1
202, 1097, 714, 1
209, 1157, 612, 1
214, 915, 431, 1
215, 1085, 20, 1
216, 695, 97, 2
217, 947, 519, 1
218, 939, 215, 1
219, 567, 345, 1
220, 850, 13, 1
221, 689, 18, 1
222, 502, 12, 1
161, 869, 703, 1
202, 1088, 713, 1
214, 923, 441, 1
215, 1085, 21, 1
216, 819, 259, 1
217, 953, 609, 1
218, 973, 318, 1
219, 599, 486, 1
220, 833, 47, 1
221, 685, 98, 1
222, 513, 63, 1
223, 753, 444, 1
161, 865, 702, 1
202, 1094, 713, 1
214, 910, 453, 1
215, 1097, 24, 1
216, 841, 383, 1
217, 974, 690, 1
218, 1022, 418, 1
219, 628, 626, 1
220, 891, 52, 1
221, 685, 128, 2
222, 539, 170, 1
223, 777, 607, 1
224, 1019, 15, 1
225, 749, 13, 1
161, 871, 702, 1
202, 1093, 713, 1
214, 863, 532, 1
215, 1115, 16, 1
216, 933, 432, 1
218, 1018, 537, 1
220, 882, 116, 1
221, 685, 158, 2
222, 539, 200, 2
223, 785, 711, 1
224, 1036, 75, 1
225, 759, 58, 1
226, 567, 46, 1
214, 863, 562, 2
215, 1085, 21, 1
216, 767, 490, 1
218, 967, 651, 1
220, 882, 210, 1
221, 795, 358, 1
222, 595, 428, 1
224, 1042, 169, 1
225, 757, 141, 1
226, 595, 146, 1
227, 924, 442, 1
228, 841, 13, 1
214, 870, 704, 1
215, 1085, 21, 1
216, 807, 625, 1
218, 1093, 713, 1
220, 883, 311, 1
221, 794, 475, 1
222, 608, 557, 1
224, 1036, 284, 1
225, 751, 244, 1
226, 624, 280, 1
227, 924, 441, 1
228, 826, 67, 1
229, 541, 42, 1
214, 876, 700, 1
215, 1085, 21, 1
218, 1093, 713, 1
220, 865, 390, 1
221, 798, 604, 1
222, 632, 682, 1
224, 1036, 397, 1
225, 751, 274, 2
226, 624, 310, 2
227, 956, 452, 1
228, 816, 175, 1
229, 535, 137, 1
230, 820, 34, 1
231, 697, 36, 1
214, 887, 699, 1
215, 1085, 21, 1
218, 1093, 713, 1
220, 932, 433, 1
221, 784, 696, 1
224, 1034, 518, 1
225, 756, 446, 1
226, 624, 340, 2
227, 880, 542, 1
228, 813, 288, 1
229, 534, 278, 1
230, 870, 150, 1
231, 737, 126, 1
232, 656, 576, 1
215, 1085, 21, 1
218, 1105, 713, 1
220, 931, 444, 1
224, 1032, 641, 1
225, 756, 476, 2
226, 624, 370, 2
227, 880, 640, 1
228, 813, 318, 2
229, 541, 410, 1
230, 870, 180, 2
231, 737, 156, 2
232, 655, 695, 1
233, 762, 30, 1
215, 1085, 21, 1
218, 1105, 712, 1
220, 827, 543, 1
224, 1019, 706, 1
225, 749, 670, 1
226, 624, 400, 2
227, 915, 704, 1
228, 879, 442, 1
229, 542, 542, 1
230, 797, 371, 1
231, 737, 186, 2
233, 762, 60, 2
234, 964, 509, 1
235, 987, 403, 1
215, 1085, 21, 1
218, 1092, 713, 1
220, 840, 673, 1
226, 624, 430, 2
228, 817, 489, 1
229, 559, 681, 1
230, 797, 401, 2
231, 782, 273, 1
233, 868, 146, 1
234, 989, 627, 1
235, 932, 439, 1
215, 1085, 21, 1
218, 1094, 713, 1
220, 870, 703, 1
226, 624, 460, 2
228, 841, 604, 1
230, 796, 416, 1
231, 782, 303, 2
233, 876, 237, 1
235, 928, 443, 1
236, 838, 37, 1
215, 1085, 21, 1
218, 1093, 713, 1
226, 624, 490, 2
228, 859, 678, 1
230, 818, 561, 1
231, 782, 333, 2
233, 886, 333, 1
235, 925, 443, 1
236, 799, 122, 1
237, 719, 16, 1
215, 1085, 21, 1
218, 1093, 713, 1
226, 624, 520, 2
228, 832, 677, 1
230, 818, 591, 2
231, 782, 363, 2
233, 881, 431, 1
235, 971, 443, 1
236, 770, 225, 1
237, 735, 96, 1
215, 1085, 21, 1
218, 1093, 713, 1
226, 624, 550, 2
228, 869, 702, 1
230, 818, 621, 2
231, 782, 393, 2
233, 895, 550, 1
235, 928, 435, 1
236, 741, 332, 1
237, 748, 205, 1
215, 1085, 21, 1
218, 1093, 713, 1
226, 624, 580, 2
228, 861, 708, 1
231, 782, 423, 2
233, 900, 647, 1
235, 923, 441, 1
236, 724, 439, 1
237, 762, 328, 1
215, 1085, 21, 1
218, 1093, 713, 1
226, 624, 610, 2
231, 771, 447, 1
233, 870, 692, 1
235, 923, 441, 1
236, 703, 557, 1
237, 762, 358, 2
215, 1085, 21, 1
218, 1094, 713, 1
231, 775, 569, 1
233, 869, 703, 1
235, 923, 441, 1
236, 698, 684, 1
237, 762, 388, 2
215, 1085, 21, 1
218, 1094, 713, 1
231, 772, 677, 1
233, 874, 702, 1
235, 923, 441, 1
237, 762, 418, 2
215, 1085, 21, 1
218, 1093, 713, 1
233, 869, 703, 1
235, 923, 441, 1
237, 762, 448, 2
215, 1085, 21, 1
218, 1093, 713, 1
233, 869, 703, 1
235, 923, 441, 1
237, 762, 478, 2
215, 1085, 21, 1
218, 1094, 713, 1
233, 869, 703, 1
235, 923, 441, 1
237, 762, 508, 2
215, 1085, 21, 1
218, 1094, 713, 1
233, 869, 703, 1
235, 923, 441, 1
237, 762, 538, 2
215, 1085, 21, 1
218, 1094, 713, 1
233, 869, 703, 1
235, 923, 441, 1
237, 762, 568, 2
215, 1085, 21, 1
218, 1094, 713, 1
233, 869, 703, 1
235, 923, 441, 1
237, 762, 598, 2
215, 1085, 20, 1
218, 1095, 714, 1
233, 869, 703, 1
235, 923, 441, 1
237, 762, 628, 2
238, 828, 41, 1
215, 1085, 20, 1
218, 1095, 714, 1
233, 869, 703, 1
235, 923, 441, 1
238, 867, 94, 1
215, 1085, 20, 1
218, 1095, 714, 1
233, 869, 703, 1
235, 923, 441, 1
238, 921, 207, 1
215, 1085, 20, 1
218, 1096, 714, 1
233, 869, 703, 1
235, 923, 442, 1
238, 973, 343, 1
215, 1085, 20, 1
218, 1096, 714, 1
233, 869, 703, 1
235, 904, 446, 1
238, 1038, 477, 1
215, 1085, 20, 1
218, 1095, 713, 1
233, 869, 703, 1
235, 923, 441, 1
238, 1065, 604, 1
215, 1085, 20, 1
233, 869, 703, 1
235, 923, 441, 1
238, 1097, 692, 1
215, 1085, 20, 1
233, 869, 703, 1
235, 923, 441, 1
238, 1095, 713, 1
215, 1085, 20, 1
233, 869, 703, 1
235, 923, 441, 1
238, 1096, 714, 1
215, 1085, 20, 1
233, 869, 703, 1
235, 923, 441, 1
238, 1095, 714, 1
215, 1085, 20, 1
233, 869, 703, 1
235, 923, 441, 1
238, 1096, 714, 1
215, 1085, 20, 1
233, 869, 703, 1
235, 923, 441, 1
238, 1096, 714, 1
215, 1085, 20, 1
233, 869, 703, 1
235, 923, 441, 1
238, 1095, 714, 1
215, 1086, 21, 1
233, 869, 703, 1
235, 923, 441, 1
238, 1095, 714, 1
239, 609, 20, 1
215, 1053, 67, 1
233, 869, 703, 1
235, 923, 441, 1
238, 1096, 714, 1
239, 561, 65, 1
215, 1090, 131, 1
233, 869, 703, 1
235, 923, 441, 1
238, 1095, 714, 1
239, 546, 144, 1
240, 1085, 19, 1
215, 1125, 240, 1
233, 869, 703, 1
235, 923, 441, 1
238, 1095, 714, 1
239, 540, 229, 1
240, 1085, 20, 1
215, 1154, 368, 1
233, 869, 703, 1
235, 923, 441, 1
238, 1096, 714, 1
239, 536, 323, 1
240, 1085, 20, 1
215, 1170, 488, 1
233, 869, 703, 1
235, 923, 441, 1
238, 1095, 714, 1
239, 540, 415, 1
240, 1085, 20, 1
215, 1185, 620, 1
233, 869, 703, 1
235, 923, 441, 1
238, 1096, 714, 1
239, 551, 514, 1
240, 1085, 20, 1
215, 1188, 698, 1
233, 869, 703, 1
235, 923, 441, 1
238, 1090, 713, 1
239, 571, 615, 1
240, 1085, 20, 1
233, 869, 703, 1
235, 923, 441, 1
238, 1095, 714, 1
239, 593, 694, 1
240, 1085, 20, 1
241, 530, 39, 1
233, 869, 703, 1
235, 923, 441, 1
238, 1095, 714, 1
240, 1085, 20, 1
241, 598, 128, 1
233, 869, 703, 1
235, 923, 441, 1
238, 1096, 714, 1
240, 1085, 20, 1
241, 663, 277, 1
233, 869, 703, 1
235, 923, 441, 1
238, 1096, 714, 1
240, 1085, 20, 1
241, 730, 426, 1
233, 869, 703, 1
235, 923, 441, 1
238, 1096, 714, 1
240, 1085, 20, 1
241, 797, 575, 1
233, 822, 706, 1
235, 923, 441, 1
238, 1096, 714, 1
240, 1085, 20, 1
241, 901, 689, 1
235, 923, 441, 1
238, 1095, 714, 1
240, 1085, 20, 1
241, 869, 703, 1
235, 923, 441, 1
238, 1096, 714, 1
240, 1085, 20, 1
241, 869, 703, 1
235, 923, 441, 1
238, 1095, 714, 1
240, 1085, 20, 1
241, 869, 703, 1
235, 923, 441, 1
238, 1095, 714, 1
240, 1085, 20, 1
241, 869, 703, 1
242, 794, 37, 1
235, 923, 441, 1
238, 1095, 714, 1
240, 1085, 20, 1
241, 869, 703, 1
242, 831, 123, 1
235, 923, 441, 1
238, 1095, 714, 1
240, 1085, 20, 1
241, 869, 703, 1
242, 874, 248, 1
235, 922, 454, 1
238, 1096, 714, 1
240, 1085, 20, 1
241, 869, 703, 1
242, 920, 361, 1
243, 882, 45, 1
235, 990, 520, 1
238, 1096, 714, 1
240, 1085, 20, 1
241, 869, 703, 1
242, 919, 435, 1
243, 885, 127, 1
235, 1014, 626, 1
238, 1096, 714, 1
240, 1085, 20, 1
241, 869, 703, 1
242, 923, 441, 1
243, 892, 239, 1
244, 896, 9, 1
245, 737, 18, 1
235, 1051, 689, 1
240, 1085, 20, 1
241, 869, 703, 1
242, 931, 450, 1
243, 896, 343, 1
244, 914, 116, 1
245, 735, 93, 1
246, 851, 16, 1
247, 606, 38, 1
235, 1096, 714, 1
240, 1085, 20, 1
241, 869, 703, 1
242, 893, 518, 1
243, 970, 432, 1
244, 951, 284, 1
245, 752, 219, 1
246, 831, 59, 1
247, 610, 129, 1
235, 1096, 714, 1
240, 1221, 32, 1
241, 866, 706, 1
242, 899, 605, 1
243, 895, 449, 1
244, 1012, 410, 1
245, 781, 350, 1
246, 815, 162, 1
247, 611, 251, 1
248, 1085, 20, 1
249, 673, 27, 1
235, 1095, 714, 1
240, 1261, 86, 1
242, 917, 689, 1
243, 807, 494, 1
244, 1020, 581, 1
245, 924, 441, 1
246, 806, 287, 1
247, 621, 364, 1
248, 1085, 20, 1
249, 658, 96, 1
250, 844, 45, 1
240, 1299, 213, 1
243, 828, 629, 1
244, 1003, 712, 1
245, 928, 443, 1
246, 794, 393, 1
247, 639, 489, 1
248, 1085, 20, 1
249, 631, 237, 1
250, 855, 134, 1
251, 661, 40, 1
240, 1314, 330, 1
243, 875, 698, 1
244, 1096, 714, 1
245, 925, 440, 1
246, 798, 515, 1
247, 660, 615, 1
248, 1085, 20, 1
249, 609, 389, 1
250, 870, 244, 1
251, 694, 154, 1
240, 1341, 493, 1
243, 870, 703, 1
244, 1094, 713, 1
245, 932, 447, 1
246, 791, 646, 1
247, 679, 702, 1
248, 1085, 21, 1
249, 603, 546, 1
250, 879, 351, 1
251, 721, 281, 1
252, 639, 96, 1
253, 831, 43, 1
240, 1359, 646, 1
243, 869, 703, 1
244, 1095, 713, 1
245, 877, 504, 1
248, 1085, 21, 1
249, 612, 680, 1
250, 956, 432, 1
251, 748, 413, 1
252, 669, 246, 1
253, 815, 138, 1
254, 674, 55, 1
243, 868, 704, 1
244, 1095, 713, 1
245, 877, 534, 2
248, 1085, 21, 1
250, 923, 441, 1
251, 703, 411, 1
252, 669, 276, 2
253, 803, 281, 1
254, 663, 177, 1
255, 736, 30, 1
256, 530, 8, 1
243, 946, 709, 1
244, 1095, 714, 1
245, 858, 695, 1
248, 1085, 21, 1
250, 924, 442, 1
251, 750, 630, 1
252, 650, 311, 1
253, 797, 428, 1
254, 663, 207, 2
255, 713, 124, 1
256, 532, 64, 1
244, 1094, 713, 1
245, 869, 703, 1
248, 1085, 21, 1
250, 923, 441, 1
251, 756, 695, 1
252, 646, 452, 1
253, 795, 567, 1
254, 702, 253, 1
255, 713, 154, 2
256, 547, 194, 1
257, 783, 13, 1
244, 1094, 713, 1
245, 879, 702, 1
248, 1085, 21, 1
250, 923, 441, 1
252, 634, 596, 1
253, 792, 674, 1
254, 622, 351, 1
255, 713, 184, 2
256, 547, 224, 2
257, 797, 65, 1
258, 607, 19, 1
244, 1095, 714, 1
245, 869, 703, 1
248, 1085, 21, 1
250, 923, 441, 1
252, 634, 626, 2
254, 713, 541, 1
255, 713, 214, 2
256, 580, 471, 1
257, 823, 169, 1
258, 641, 87, 1
259, 969, 25, 1
244, 1095, 713, 1
245, 869, 703, 1
248, 1085, 21, 1
250, 923, 441, 1
252, 645, 656, 1
254, 713, 571, 2
255, 713, 244, 2
256, 580, 501, 2
257, 850, 281, 1
258, 646, 204, 1
259, 959, 117, 1
260, 587, 51, 1
244, 1095, 714, 1
245, 869, 703, 1
248, 1085, 21, 1
250, 940, 457, 1
254, 713, 601, 2
255, 671, 328, 1
256, 580, 531, 2
257, 860, 383, 1
258, 646, 234, 2
259, 961, 261, 1
260, 607, 169, 1
261, 892, 30, 1
262, 777, 6, 1
244, 1095, 714, 1
245, 869, 703, 1
248, 1085, 21, 1
250, 889, 535, 1
255, 700, 489, 1
256, 580, 561, 2
257, 892, 440, 1
258, 623, 271, 1
259, 986, 371, 1
260, 607, 199, 2
261, 892, 60, 2
262, 708, 8, 1
244, 1095, 713, 1
248, 1085, 21, 1
250, 901, 669, 1
255, 731, 648, 1
256, 580, 591, 2
257, 919, 440, 1
258, 641, 374, 1
259, 994, 520, 1
260, 607, 229, 2
261, 924, 267, 1
262, 804, 221, 1
263, 733, 63, 1
244, 1095, 713, 1
248, 1085, 21, 1
250, 869, 703, 1
256, 580, 621, 2
257, 878, 451, 1
258, 659, 484, 1
259, 1005, 634, 1
260, 607, 259, 2
261, 959, 370, 1
262, 802, 350, 1
263, 758, 181, 1
264, 856, 35, 1
265, 594, 18, 1
244, 1103, 713, 1
248, 1085, 21, 1
250, 869, 703, 1
257, 974, 555, 1
258, 676, 600, 1
260, 607, 289, 2
261, 925, 439, 1
262, 794, 488, 1
263, 782, 309, 1
264, 856, 65, 2
265, 594, 48, 2
244, 1098, 713, 1
248, 1085, 21, 1
250, 869, 703, 1
257, 993, 676, 1
258, 757, 646, 1
260, 607, 319, 2
261, 925, 441, 1
262, 794, 518, 2
263, 782, 339, 2
264, 856, 95, 2
265, 597, 134, 1
244, 1093, 713, 1
248, 1085, 21, 1
250, 871, 703, 1
258, 769, 708, 1
260, 607, 349, 2
261, 940, 444, 1
262, 794, 548, 2
263, 782, 369, 2
264, 752, 237, 1
265, 592, 236, 1
244, 1094, 714, 1
248, 1085, 21, 1
250, 873, 702, 1
258, 804, 712, 1
260, 588, 346, 1
261, 923, 441, 1
262, 835, 591, 1
263, 782, 399, 2
264, 756, 339, 1
265, 592, 266, 2
266, 779, 32, 1
244, 1094, 713, 1
248, 1085, 21, 1
260, 594, 460, 1
261, 923, 441, 1
262, 823, 702, 1
263, 762, 437, 1
264, 756, 369, 2
265, 592, 296, 2
266, 804, 101, 1
244, 1094, 713, 1
248, 1085, 21, 1
260, 603, 583, 1
261, 923, 441, 1
262, 869, 703, 1
263, 767, 539, 1
264, 756, 399, 2
265, 592, 326, 2
266, 804, 131, 2
244, 1095, 714, 1
248, 1085, 21, 1
260, 613, 678, 1
261, 925, 442, 1
262, 869, 703, 1
263, 773, 643, 1
264, 756, 429, 2
265, 592, 356, 2
266, 808, 362, 1
267, 844, 198, 1
268, 943, 26, 1
244, 1095, 713, 1
248, 1085, 21, 1
261, 927, 441, 1
262, 873, 702, 1
263, 792, 700, 1
264, 812, 517, 1
265, 592, 386, 2
266, 808, 392, 2
267, 854, 332, 1
268, 931, 81, 1
269, 553, 33, 1
244, 1094, 713, 1
248, 1085, 21, 1
261, 942, 432, 1
264, 813, 669, 1
265, 592, 416, 2
266, 842, 481, 1
267, 854, 362, 2
268, 924, 179, 1
269, 559, 131, 1
244, 1094, 713, 1
248, 1085, 21, 1
261, 923, 441, 1
264, 869, 704, 1
265, 592, 446, 2
266, 855, 618, 1
267, 854, 392, 2
268, 915, 286, 1
269, 554, 266, 1
244, 1094, 714, 1
248, 1085, 21, 1
261, 941, 461, 1
265, 592, 476, 2
266, 877, 700, 1
267, 854, 422, 2
268, 905, 360, 1
269, 556, 421, 1
244, 1094, 714, 1
248, 1085, 21, 1
261, 903, 534, 1
265, 592, 506, 2
266, 869, 703, 1
267, 854, 452, 2
268, 932, 427, 1
269, 577, 570, 1
244, 1094, 713, 1
248, 1085, 21, 1
261, 903, 628, 1
265, 592, 536, 2
266, 860, 711, 1
267, 854, 482, 2
268, 923, 441, 1
269, 588, 698, 1
244, 1094, 713, 1
248, 1085, 21, 1
261, 857, 700, 1
265, 592, 566, 2
267, 929, 700, 1
268, 923, 441, 1
244, 1094, 713, 1
248, 1085, 21, 1
261, 869, 703, 1
265, 592, 596, 2
268, 923, 441, 1
244, 1094, 713, 1
248, 1085, 21, 1
261, 869, 703, 1
265, 592, 626, 2
268, 923, 441, 1
244, 1094, 713, 1
248, 1085, 21, 1
261, 869, 703, 1
268, 923, 441, 1
244, 1093, 713, 1
248, 1085, 21, 1
261, 869, 703, 1
268, 923, 441, 1
244, 1095, 714, 1
248, 1085, 20, 1
261, 869, 703, 1
268, 923, 441, 1
270, 772, 9, 1
244, 1095, 714, 1
248, 1085, 20, 1
261, 869, 703, 1
268, 923, 441, 1
270, 799, 57, 1
244, 1095, 714, 1
248, 1085, 20, 1
261, 869, 703, 1
268, 923, 441, 1
270, 796, 173, 1
271, 593, 41, 1
244, 1095, 714, 1
248, 1085, 20, 1
261, 869, 703, 1
268, 923, 441, 1
270, 797, 298, 1
271, 619, 143, 1
244, 1095, 714, 1
248, 1085, 20, 1
261, 869, 703, 1
268, 931, 442, 1
270, 802, 427, 1
271, 638, 261, 1
244, 1096, 714, 1
248, 1085, 20, 1
261, 869, 703, 1
268, 923, 441, 1
270, 812, 556, 1
271, 660, 367, 1
272, 845, 17, 1
273, 685, 19, 1
244, 1095, 714, 1
248, 1085, 20, 1
261, 884, 703, 1
268, 923, 441, 1
270, 815, 671, 1
271, 682, 475, 1
272, 886, 77, 1
273, 659, 73, 1
244, 1095, 714, 1
248, 1085, 20, 1
261, 869, 703, 1
268, 923, 441, 1
271, 696, 609, 1
272, 918, 191, 1
273, 652, 178, 1
244, 1096, 714, 1
248, 1085, 20, 1
261, 869, 703, 1
268, 923, 442, 1
271, 696, 691, 1
272, 947, 316, 1
273, 648, 292, 1
244, 1096, 714, 1
248, 1085, 20, 1
261, 869, 703, 1
268, 885, 444, 1
272, 985, 421, 1
273, 644, 417, 1
244, 1096, 714, 1
248, 1085, 20, 1
261, 869, 703, 1
268, 923, 441, 1
272, 976, 556, 1
273, 649, 542, 1
244, 1097, 714, 1
248, 1086, 20, 1
261, 869, 703, 1
268, 923, 441, 1
272, 973, 698, 1
273, 658, 668, 1
274, 982, 24, 1
275, 742, 18, 1
244, 1095, 714, 1
248, 1085, 20, 1
261, 869, 703, 1
268, 923, 441, 1
274, 954, 107, 1
275, 756, 96, 1
244, 1096, 714, 1
248, 1085, 20, 1
261, 869, 703, 1
268, 923, 441, 1
274, 947, 217, 1
275, 753, 232, 1
244, 1096, 714, 1
248, 1085, 20, 1
261, 869, 703, 1
268, 923, 441, 1
274, 946, 320, 1
275, 751, 366, 1
244, 1096, 714, 1
248, 1085, 20, 1
261, 869, 703, 1
268, 923, 471, 2
274, 1002, 417, 1
275, 752, 500, 1
276, 885, 412, 1
277, 795, 51, 1
244, 1096, 714, 1
248, 1091, 22, 1
261, 869, 703, 1
268, 934, 552, 1
274, 1002, 447, 2
275, 749, 648, 1
276, 923, 441, 1
277, 759, 165, 1
278, 1016, 15, 1
244, 1095, 714, 1
248, 1091, 52, 2
261, 861, 709, 1
268, 922, 660, 1
274, 1002, 477, 2
276, 923, 441, 1
277, 725, 294, 1
278, 1053, 63, 1
244, 1096, 714, 1
248, 1111, 154, 1
268, 869, 703, 1
274, 1002, 507, 2
276, 923, 441, 1
277, 693, 399, 1
278, 1053, 93, 2
279, 1085, 20, 1
244, 1095, 714, 1
248, 1146, 254, 1
268, 869, 703, 1
274, 1002, 537, 2
276, 923, 441, 1
277, 661, 528, 1
278, 1053, 123, 2
279, 1085, 20, 1
280, 762, 55, 1
244, 1096, 714, 1
248, 1178, 357, 1
268, 869, 703, 1
274, 1002, 567, 2
276, 923, 441, 1
277, 626, 669, 1
278, 1053, 153, 2
279, 1085, 20, 1
280, 774, 156, 1
281, 701, 13, 1
244, 1096, 714, 1
248, 1206, 462, 1
268, 869, 703, 1
274, 1002, 597, 2
276, 923, 441, 1
278, 1053, 183, 2
279, 1085, 20, 1
280, 800, 279, 1
281, 683, 88, 1
244, 1096, 714, 1
248, 1214, 569, 1
268, 869, 703, 1
274, 1002, 627, 2
276, 927, 443, 1
278, 1053, 213, 2
279, 1085, 20, 1
280, 817, 411, 1
281, 671, 213, 1
244, 1096, 714, 1
248, 1209, 680, 1
268, 869, 703, 1
276, 926, 439, 1
278, 1053, 243, 2
279, 1085, 20, 1
280, 837, 541, 1
281, 657, 345, 1
244, 1096, 714, 1
276, 923, 441, 1
278, 1053, 273, 2
279, 1085, 20, 1
280, 845, 656, 1
281, 646, 483, 1
244, 1096, 714, 1
276, 923, 441, 1
278, 1053, 303, 2
279, 1085, 20, 1
280, 869, 703, 1
281, 640, 628, 1
244, 1096, 714, 1
276, 923, 441, 1
278, 1053, 333, 2
279, 1085, 20, 1
280, 869, 703, 1
281, 614, 708, 1
282, 854, 37, 1
244, 1096, 714, 1
276, 923, 441, 1
278, 1053, 363, 2
279, 1085, 20, 1
280, 869, 703, 1
282, 868, 139, 1
244, 1096, 714, 1
276, 923, 441, 1
278, 1053, 393, 2
279, 1085, 20, 1
280, 869, 703, 1
282, 872, 272, 1
244, 1095, 714, 1
276, 951, 457, 1
278, 1053, 423, 2
279, 1085, 20, 1
280, 869, 703, 1
282, 872, 391, 1
244, 1095, 714, 1
276, 890, 546, 1
278, 1053, 453, 2
279, 1085, 20, 1
280, 869, 703, 1
282, 924, 440, 1
244, 1095, 714, 1
276, 894, 675, 1
278, 1053, 483, 2
279, 1085, 20, 1
282, 923, 441, 1
244, 1095, 714, 1
276, 869, 703, 1
278, 1053, 513, 2
279, 1085, 20, 1
282, 923, 441, 1
244, 1096, 714, 1
276, 869, 703, 1
278, 1053, 543, 2
279, 1085, 20, 1
282, 923, 441, 1
244, 1096, 714, 1
276, 869, 703, 1
278, 1053, 573, 2
279, 1087, 20, 1
282, 923, 441, 1
283, 970, 49, 1
244, 1096, 714, 1
276, 869, 703, 1
278, 1053, 603, 2
279, 1085, 20, 1
282, 923, 441, 1
283, 974, 146, 1
244, 1096, 714, 1
276, 869, 703, 1
279, 1085, 20, 1
282, 923, 441, 1
283, 975, 244, 1
244, 1096, 714, 1
276, 869, 703, 1
279, 1085, 20, 1
282, 920, 446, 1
283, 973, 341, 1
244, 1096, 714, 1
276, 869, 703, 1
279, 1085, 20, 1
282, 879, 438, 1
283, 982, 439, 1
244, 1095, 714, 1
276, 869, 703, 1
279, 1085, 20, 1
282, 917, 436, 1
283, 944, 547, 1
244, 1095, 714, 1
276, 865, 705, 1
279, 1085, 20, 1
282, 923, 441, 1
283, 930, 629, 1
244, 1095, 714, 1
279, 1085, 20, 1
282, 923, 441, 1
283, 915, 679, 1
244, 1095, 714, 1
279, 1085, 20, 1
282, 923, 441, 1
283, 869, 703, 1
244, 1096, 714, 1
279, 1085, 20, 1
282, 923, 441, 1
283, 869, 703, 1
244, 1096, 714, 1
279, 1085, 20, 1
282, 923, 441, 1
283, 869, 703, 1
244, 1096, 714, 1
279, 1085, 20, 1
282, 923, 441, 1
283, 869, 703, 1
284, 780, 31, 1
244, 1096, 714, 1
279, 1085, 20, 1
282, 923, 441, 1
283, 869, 703, 1
284, 773, 98, 1
244, 1095, 714, 1
279, 1085, 20, 1
282, 923, 441, 1
283, 869, 703, 1
284, 781, 215, 1
244, 1095, 714, 1
279, 1085, 20, 1
282, 923, 441, 1
283, 869, 703, 1
284, 788, 334, 1
244, 1095, 714, 1
279, 1085, 20, 1
282, 926, 442, 1
283, 869, 703, 1
284, 794, 457, 1
244, 1095, 714, 1
279, 1085, 20, 1
282, 923, 441, 1
283, 869, 703, 1
284, 802, 585, 1
244, 1095, 714, 1
279, 1085, 20, 1
282, 923, 441, 1
283, 888, 706, 1
284, 808, 681, 1
244, 1096, 714, 1
279, 1085, 20, 1
282, 923, 441, 1
283, 869, 703, 1
244, 1095, 714, 1
279, 1085, 21, 1
282, 923, 441, 1
283, 869, 703, 1
244, 1095, 714, 1
279, 1085, 21, 1
282, 923, 441, 1
283, 869, 703, 1
244, 1096, 714, 1
279, 1085, 20, 1
282, 923, 441, 1
283, 869, 703, 1
244, 1096, 714, 1
279, 1085, 21, 1
282, 923, 441, 1
283, 869, 703, 1
244, 1095, 714, 1
279, 1085, 20, 1
282, 923, 441, 1
283, 869, 703, 1
244, 1095, 714, 1
279, 1085, 20, 1
282, 923, 441, 1
283, 869, 703, 1
244, 1095, 714, 1
279, 1085, 20, 1
282, 923, 441, 1
283, 869, 703, 1
244, 1096, 714, 1
279, 1085, 20, 1
282, 923, 441, 1
283, 869, 703, 1
244, 1095, 714, 1
279, 1085, 20, 1
282, 923, 441, 1
283, 869, 703, 1
244, 1096, 714, 1
279, 1085, 20, 1
282, 923, 441, 1
283, 869, 703, 1
244, 1096, 714, 1
279, 1085, 20, 1
282, 923, 441, 1
283, 869, 703, 1
244, 1095, 714, 1
279, 1085, 20, 1
282, 923, 441, 1
283, 869, 703, 1
244, 1096, 714, 1
279, 1085, 20, 1
282, 923, 441, 1
283, 869, 703, 1
244, 1096, 714, 1
279, 1085, 20, 1
282, 923, 441, 1
283, 869, 703, 1
244, 1096, 714, 1
279, 1085, 20, 1
282, 923, 441, 1
283, 869, 703, 1
244, 1096, 714, 1
279, 1085, 20, 1
282, 923, 441, 1
283, 869, 703, 1
244, 1096, 714, 1
279, 1085, 20, 1
282, 923, 441, 1
283, 869, 703, 1
244, 1096, 714, 1
279, 1085, 20, 1
282, 923, 441, 1
283, 869, 703, 1
244, 1096, 714, 1
279, 1085, 20, 1
282, 923, 441, 1
283, 869, 703, 1
244, 1096, 714, 1
279, 1085, 20, 1
282, 923, 441, 1
283, 869, 703, 1
244, 1095, 714, 1
279, 1085, 20, 1
282, 923, 441, 1
283, 869, 703, 1
244, 1095, 714, 1
279, 1085, 20, 1
282, 923, 441, 1
283, 869, 703, 1
244, 1095, 714, 1
279, 1085, 20, 1
282, 923, 441, 1
283, 869, 703, 1
244, 1095, 714, 1
279, 1085, 20, 1
282, 923, 441, 1
283, 869, 703, 1
244, 1095, 714, 1
279, 1085, 20, 1
282, 923, 441, 1
283, 869, 703, 1
244, 1095, 714, 1
279, 1085, 20, 1
282, 923, 441, 1
283, 869, 703, 1
244, 1095, 714, 1
279, 1085, 20, 1
282, 923, 441, 1
283, 869, 703, 1
244, 1096, 714, 1
279, 1085, 20, 1
282, 923, 441, 1
283, 869, 703, 1
244, 1095, 714, 1
279, 1085, 20, 1
282, 923, 441, 1
283, 869, 703, 1
244, 1096, 714, 1
279, 1085, 20, 1
282, 923, 441, 1
283, 869, 703, 1
244, 1096, 714, 1
279, 1085, 20, 1
282, 923, 441, 1
283, 869, 703, 1
244, 1096, 714, 1
279, 1085, 20, 1
282, 923, 441, 1
283, 869, 703, 1
244, 1096, 714, 1
279, 1085, 20, 1
282, 923, 441, 1
283, 869, 703, 1
244, 1096, 714, 1
279, 1085, 20, 1
282, 923, 441, 1
283, 869, 703, 1
244, 1096, 714, 1
279, 1085, 20, 1
282, 923, 441, 1
283, 869, 703, 1
244, 1096, 714, 1
279, 1085, 20, 1
282, 923, 441, 1
283, 869, 703, 1
244, 1096, 714, 1
279, 1085, 20, 1
282, 923, 441, 1
283, 869, 703, 1
244, 1096, 714, 1
279, 1085, 20, 1
282, 923, 441, 1
283, 869, 703, 1
244, 1095, 714, 1
279, 1085, 20, 1
282, 923, 441, 1
283, 869, 703, 1
244, 1096, 714, 1
279, 1085, 20, 1
282, 923, 441, 1
283, 869, 703, 1
244, 1096, 714, 1
279, 1085, 21, 1
282, 923, 441, 1
283, 869, 703, 1
244, 1095, 714, 1
279, 1085, 20, 1
282, 923, 441, 1
283, 869, 703, 1
244, 1095, 714, 1
279, 1085, 20, 1
282, 923, 441, 1
283, 869, 703, 1
244, 1096, 714, 1
279, 1085, 20, 1
282, 923, 441, 1
283, 869, 703, 1
244, 1096, 714, 1
279, 1085, 20, 1
282, 923, 441, 1
283, 869, 703, 1
244, 1095, 714, 1
279, 1085, 20, 1
282, 923, 441, 1
283, 869, 703, 1
244, 1096, 714, 1
279, 1085, 21, 1
282, 923, 441, 1
283, 869, 703, 1
244, 1096, 714, 1
279, 1085, 20, 1
282, 923, 441, 1
283, 869, 703, 1
244, 1095, 714, 1
279, 1085, 20, 1
282, 923, 441, 1
283, 869, 703, 1
244, 1096, 714, 1
279, 1085, 20, 1
282, 923, 441, 1
283, 869, 703, 1
244, 1095, 714, 1
279, 1085, 20, 1
282, 923, 441, 1
283, 869, 703, 1
244, 1096, 714, 1
279, 1085, 20, 1
282, 923, 441, 1
283, 869, 703, 1
244, 1096, 714, 1
279, 1085, 20, 1
282, 923, 441, 1
283, 869, 703, 1
244, 1095, 714, 1
279, 1085, 20, 1
282, 923, 441, 1
283, 869, 703, 1
244, 1096, 714, 1
279, 1085, 20, 1
282, 923, 441, 1
283, 869, 703, 1
244, 1097, 714, 1
279, 1085, 20, 1
282, 923, 441, 1
283, 869, 703, 1
244, 1096, 714, 1
279, 1085, 20, 1
282, 923, 442, 1
283, 869, 703, 1
244, 1096, 714, 1
279, 1085, 20, 1
282, 923, 441, 1
283, 869, 703, 1
244, 1096, 714, 1
279, 1085, 20, 1
282, 923, 442, 1
283, 869, 703, 1
244, 1096, 714, 1
279, 1085, 20, 1
282, 923, 441, 1
283, 869, 703, 1
244, 1096, 714, 1
279, 1085, 20, 1
282, 923, 441, 1
283, 869, 703, 1
